sse2:
test_rand:
----- 0xABCD1234:
0x2850AAD3
0x571FB31F
0xCEA8188D
0xA1E101B5
----- 0xABCD1239:
0x1F86B2DC
0xCA4C4116
0x93305A5F
0x23C49AC
----- 0xAB2D1234:
0x522CA6F4
0x2F9A4624
0xDC024A91
0x9B328497
----- 0x1BCD1234:
0xA34A175
0x813D275A
0xBD3E8B6E
0x19CCE8BD
Vectorized:
0x2850AAD3 0x1F86B2DC 0x522CA6F4 0xA34A175 
0x571FB31F 0xCA4C4116 0x2F9A4624 0x813D275A 
0xCEA8188D 0x93305A5F 0xDC024A91 0xBD3E8B6E 
0xA1E101B5 0x23C49AC 0x9B328497 0x19CCE8BD 
test_return:
1 2 8 4 
2 3 8 5 
3 4 8 7 
4 5 8 9 
5 7 8 109 
7 9 8 109 
9 109 8 109 
109 109 8 109 
div_epi32:
-7 22716 -3 28571 
-7 22716 -3 28571 
-190637800 23867 105853856 32828 
-190637800 23867 105853856 32828 
1 0 -9 0 
1 0 -9 0 
-827607708 1025938457 -169222714 -665840992 
-827607708 1025938457 -169222714 -665840992 
10889 0 -1 0 
10889 0 -1 0 
62636 -1320331468 610772412 -961688118 
62636 -1320331468 610772412 -961688118 
-24056 4 1 -13384 
-24056 4 1 -13384 
-6983 -154639049 64606224 -21017 
-6983 -154639049 64606224 -21017 
41975 17361 0 16635 
41975 17361 0 16635 
38323 43176 -223449666 4247 
38323 43176 -223449666 4247 
-1 43159 -274129 99772 
-1 43159 -274129 99772 
-115550758 11939 -823 14302 
-115550758 11939 -823 14302 
-36221 5307 24660 50717 
-36221 5307 24660 50717 
-48990 57746 17434 4875 
-48990 57746 17434 4875 
0 163593 -37723 -1 
0 163593 -37723 -1 
783646455 7644 -31328 -694934055 
783646455 7644 -31328 -694934055 
-29895 -2 -1 0 
-29895 -2 -1 0 
-3227 186281512 -127169903 1691057688 
-3227 186281512 -127169903 1691057688 
6 136871 0 44925 
6 136871 0 44925 
-25316527 1881 -333458357 22997 
-25316527 1881 -333458357 22997 
0 0 57019 -17788 
0 0 57019 -17788 
527512423 -1869329268 3476 -49292 
527512423 -1869329268 3476 -49292 
0 5 -48807 -1 
0 5 -48807 -1 
-1993058576 -97419377 -21067 320305033 
-1993058576 -97419377 -21067 320305033 
-72807 0 0 0 
-72807 0 0 0 
-14974 -822710021 -165740479 154141652 
-14974 -822710021 -165740479 154141652 
0 0 0 0 
0 0 0 0 
-445328302 -274157803 949591412 -1103412469 
-445328302 -274157803 949591412 -1103412469 
-1 -12297 -59485 8 
-1 -12297 -59485 8 
-261985417 -40994 -4659 -203104202 
-261985417 -40994 -4659 -203104202 
0 -30293 -18812 -2567 
0 -30293 -18812 -2567 
60277943 -12097 -25047 -28421 
60277943 -12097 -25047 -28421 
222747 -38478 0 0 
222747 -38478 0 0 
154 -45603 -1284598746 -14013800 
154 -45603 -1284598746 -14013800 
1229783 -36763 0 -4 
1229783 -36763 0 -4 
402 -34053 772989035 -181154194 
402 -34053 772989035 -181154194 
0 0 -56743 -18874 
0 0 -56743 -18874 
-1080806420 -15790065 -26847 -664 
-1080806420 -15790065 -26847 -664 
0 232155 1 -38031 
0 232155 1 -38031 
-333348311 5265 -497805552 -22740 
-333348311 5265 -497805552 -22740 
17 23727 -223284 -8179 
17 23727 -223284 -8179 
4356239 11830 -8248 -6481 
4356239 11830 -8248 -6481 
-6046 -37309 -14775 -32621 
-6046 -37309 -14775 -32621 
-260 -21985 -6835 -5248 
-260 -21985 -6835 -5248 
0 2 -10036 -6 
0 2 -10036 -6 
864552487 -432109142 -13148 -147583398 
864552487 -432109142 -13148 -147583398 
-17792 -31490 7 -214109 
-17792 -31490 7 -214109 
-17128 -29614 -162655044 -4985 
-17128 -29614 -162655044 -4985 
30846 1 0 13726 
30846 1 0 13726 
61269 -175058981 227630763 10980 
61269 -175058981 227630763 10980 
52120 16560 815917 -31746 
52120 16560 815917 -31746 
8281 49191 156 -38294 
8281 49191 156 -38294 
0 -6381 3 -8 
0 -6381 3 -8 
-334971092 -25144 48589073 147592984 
-334971092 -25144 48589073 147592984 
1 0 31363 0 
1 0 31363 0 
236869524 -339991276 56785 1344456165 
236869524 -339991276 56785 1344456165 
-32068 0 1 0 
-32068 0 1 0 
-35973 481643907 -279202938 -607504241 
-35973 481643907 -279202938 -607504241 
22805 24044 -32619 1 
22805 24044 -32619 1 
18143 21442 -15274 13634596 
18143 21442 -15274 13634596 
34922 -354 0 -38471 
34922 -354 0 -38471 
26549 -13778 509917087 -46804 
26549 -13778 509917087 -46804 
24272 11611 -2 2 
24272 11611 -2 2 
50031 14508 -579398721 281368672 
50031 14508 -579398721 281368672 
byteswap:
0x1020304 0x1234567 0x1020304 0x1020304 
0x4030201 0x67452301 0x4030201 0x4030201 
0x1020304 0x1234567 0x1020304 0x1020304 
0x2850AAD3 0x1F86B2DC 0x522CA6F4 0xA34A175 
0x2 0x3 0x1 0x4 
0x2 0x3 0x1 0x4 
676375251 528921308 1378658036 171221365 
0x571FB31F 0xCA4C4116 0x2F9A4624 0x813D275A 
0x1 0x0 0x2 0x0 
0x1 0x0 0x2 0x0 
1461695263 -900972266 798639652 -2126698662 
0xCEA8188D 0x93305A5F 0xDC024A91 0xBD3E8B6E 
0x0 0x0 0x0 0x0 
0x0 0x0 0x0 0x0 
-827844467 -1825547681 -603829615 -1119974546 
0xA1E101B5 0x23C49AC 0x9B328497 0x19CCE8BD 
0x0 0x6 0x0 0x3 
0x0 0x6 0x0 0x3 
-1579089483 37505452 -1691188073 432859325 
0xB030F91F 0xEBE1B883 0xAF13080D 0x3CDE61AE 
0x0 0x0 0x0 0x2 
0x0 0x0 0x0 0x2 
-1338967777 -337528701 -1357707251 1021206958 
0x7EB638E5 0x1436693E 0x249046B4 0xD2826E48 
0x1 0x3 0x2 0x0 
0x1 0x3 0x2 0x0 
2125871333 339110206 613435060 -763204024 
0x3340984 0xDACD674E 0xEEBAB5A6 0x5575DF02 
0x6 0x0 0x0 0x1 
0x6 0x0 0x0 0x1 
53741956 -624072882 -289753690 1433788162 
0x92045589 0xD3B2152E 0x4E760C2 0x3F329C13 
0x0 0x0 0x5 0x2 
0x0 0x0 0x5 0x2 
-1845209719 -743303890 82272450 1060281363 
0xB6F43F69 0xF3F8C024 0x657FB7E4 0x3D32D451 
0x0 0x0 0x1 0x2 
0x0 0x0 0x1 0x2 
-1225506967 -201801692 1702868964 1026741329 
0x9CBD10A9 0x27F5E1F6 0x6785D2B0 0x6394A31C 
0x0 0x2 0x1 0x1 
0x0 0x2 0x1 0x1 
-1665331031 670425590 1736823472 1670685468 
0xB70FA733 0x13F1B097 0x73286DF7 0x82BA1E5 
0x0 0x3 0x1 0x4 
0x0 0x3 0x1 0x4 
-1223710925 334606487 1932029431 137077221 
0xEF479474 0x53FFD0EC 0xD5ACA15C 0xB2234DA0 
0x0 0x1 0x0 0x0 
0x0 0x1 0x0 0x0 
-280521612 1409274092 -710106788 -1306309216 
0xCCC92880 0x8ACA51D7 0xB997DC84 0x8D88858F 
0x0 0x0 0x0 0x0 
0x0 0x0 0x0 0x0 
-859232128 -1966452265 -1181229948 -1920432753 
0x501896F6 0x1A3665F8 0x47D74FB7 0x89D8A11F 
0x1 0x3 0x1 0x0 
0x1 0x3 0x1 0x0 
1343788790 439772664 1205292983 -1982291681 
0x77E1FBC8 0xB00955D3 0xA1130D96 0x831C5084 
0x1 0x0 0x0 0x0 
0x1 0x0 0x0 0x0 
2011298760 -1341565485 -1592586858 -2095296380 
0x6A733B10 0x9C6805E7 0x4DAEA196 0xCD7775B4 
0x1 0x0 0x1 0x0 
0x1 0x0 0x1 0x0 
1785936656 -1670904345 1303290262 -847809100 
0xB98C977C 0xBF065559 0xF7A7EF5C 0x5ED7C855 
0x0 0x0 0x0 0x1 
0x0 0x0 0x0 0x1 
-1181968516 -1090103975 -139989156 1591199829 
0x86D549D0 0xD22D3033 0x763B8F4E 0xC4B3CCC6 
0x0 0x0 0x1 0x0 
0x0 0x0 0x1 0x0 
-2032842288 -768790477 1983614798 -994849594 
0xF5A08743 0xF122A21C 0xD5FA61DD 0x8789218 
0x0 0x0 0x0 0x4 
0x0 0x0 0x0 0x4 
-174028989 -249388516 -705011235 142119448 
0xDDE59A5A 0xE07BD819 0x4ED14030 0x97D6F458 
0x0 0x0 0x1 0x0 
0x0 0x0 0x1 0x0 
-572155302 -528754663 1322336304 -1747520424 
0x6F162CC 0x220DDAD9 0x96FE91A2 0x1C8EA3FC 
0x5 0x2 0x0 0x3 
0x5 0x2 0x0 0x3 
116482764 571333337 -1761701470 479110140 
0xDC9F71DA 0x476567A6 0x54A2F6CC 0x75CFCE1B 
0x0 0x1 0x1 0x1 
0x0 0x1 0x1 0x1 
-593530406 1197828006 1419966156 1976552987 
0xB2DE067A 0x6CDCAAE0 0x8D3F3276 0xED29F9D3 
0x0 0x1 0x0 0x0 
0x0 0x1 0x0 0x0 
-1294072198 1826400992 -1925238154 -316016173 
0x73A859B6 0x7C4F9DD1 0x8AAC4DA7 0x9E0E385C 
0x1 0x1 0x0 0x0 
0x1 0x1 0x0 0x0 
1940412854 2085592529 -1968419417 -1643235236 
0x7888A3D9 0xDCE155F0 0xF8AD0998 0x28994841 
0x1 0x0 0x0 0x2 
0x1 0x0 0x0 0x2 
2022220761 -589212176 -122877544 681134145 
0x29FEE72C 0xFFBD9798 0x1F28781 0xCCFBDCBE 
0x2 0x0 0x7 0x0 
0x2 0x0 0x7 0x0 
704571180 -4352104 32671617 -855909186 
0x8D4CF679 0xD1BDA2A4 0x947D8D93 0xA47B83B9 
0x0 0x0 0x0 0x0 
0x0 0x0 0x0 0x0 
-1924336007 -776101212 -1803711085 -1535409223 
0x19C07E5E 0x609DACD1 0xD7F44BB7 0x2C49A3CC 
0x3 0x1 0x0 0x2 
0x3 0x1 0x0 0x2 
432045662 1620946129 -671855689 743023564 
0x9B91D046 0xAABC8E95 0x9B78BE33 0xB182AE73 
0x0 0x0 0x0 0x0 
0x0 0x0 0x0 0x0 
-1684942778 -1430483307 -1686585805 -1316835725 
0x836D1416 0x4A941501 0x747A05EB 0xB9D7A8AF 
0x0 0x1 0x1 0x0 
0x0 0x1 0x1 0x0 
-2090003434 1251218689 1954153963 -1177048913 
0x7F07C884 0x9EC67AD4 0xE60D67BE 0x1A742DE6 
0x1 0x0 0x0 0x3 
0x1 0x0 0x0 0x3 
2131216516 -1631159596 -435329090 443821542 
0xF97EDD48 0x384DBD61 0x43DEE35C 0x1944B45B 
0x0 0x2 0x1 0x3 
0x0 0x2 0x1 0x3 
-109126328 944618849 1138680668 423933019 
0x2AA7E8EC 0x1E671BF9 0x964C8FE8 0x32649C7A 
0x2 0x3 0x0 0x2 
0x2 0x3 0x0 0x2 
715647212 510073849 -1773367320 845454458 
0xED2624CA 0x18A53672 0x8D291E82 0xAE60E0E2 
0x0 0x3 0x0 0x0 
0x0 0x3 0x0 0x0 
-316267318 413480562 -1926685054 -1369382686 
0xD0D37C74 0x4702EC70 0xD236F516 0x2BD10103 
0x0 0x1 0x0 0x2 
0x0 0x1 0x0 0x2 
-791446412 1191373936 -768150250 735117571 
0x88250C3 0x2E76D5EC 0xEF4A6158 0x51ECFA46 
0x4 0x2 0x0 0x1 
0x4 0x2 0x0 0x1 
142758083 779539948 -280338088 1374485062 
0x99EF6512 0x4F499BA5 0xB4321B98 0x96607113 
0x0 0x1 0x0 0x0 
0x0 0x1 0x0 0x0 
-1712364270 1330224037 -1271784552 -1772064493 
0xD679019 0x70E074A9 0x52A221D 0xC3054E8C 
0x4 0x1 0x5 0x0 
0x4 0x1 0x5 0x0 
224890905 1893758121 86647325 -1023062388 
0x5CB0D6E4 0xF1AC2F69 0xC367DD35 0x6813F29D 
0x1 0x0 0x0 0x1 
0x1 0x0 0x0 0x1 
1555093220 -240373911 -1016603339 1746137757 
0x5D251735 0xBF0A7176 0x7592875 0xBAB6A4BB 
0x1 0x0 0x5 0x0 
0x1 0x0 0x5 0x0 
1562711861 -1089834634 123283573 -1162435397 
0x41E442DB 0x33B55B5C 0x5848B58A 0xFF3386B4 
0x1 0x2 0x1 0x0 
0x1 0x2 0x1 0x0 
1105478363 867523420 1481160074 -13400396 
0xA850A38C 0x4CCB1C42 0xFEF4FEFB 0x2F5930F4 
0x0 0x1 0x0 0x2 
0x0 0x1 0x0 0x2 
-1471110260 1288379458 -17498373 794374388 
0xD89C3B74 0x4D5E742E 0xA5D27913 0xE6CF0BB 
0x0 0x1 0x0 0x4 
0x0 0x1 0x0 0x4 
-660849804 1298035758 -1512933101 242020539 
0xD4358742 0xFF6D753C 0xB611C2CD 0x412020D8 
0x0 0x0 0x0 0x1 
0x0 0x0 0x0 0x1 
-734689470 -9603780 -1240350003 1092624600 
0xEEC4BF10 0x64A229EA 0x568A08F9 0xAD202F12 
0x0 0x1 0x1 0x0 
0x0 0x1 0x1 0x0 
-289095920 1688349162 1451886841 -1390399726 
0xFD08F6DC 0x7EEB52E7 0x16723E0 0x634A6CDF 
0x0 0x1 0x7 0x1 
0x0 0x1 0x7 0x1 
-49744164 2129351399 23536608 1665821919 
0x189B868F 0x83502DFF 0x20A90EC6 0x3D69CDB7 
0x3 0x0 0x2 0x2 
0x3 0x0 0x2 0x2 
412845711 -2091897345 547950278 1030344119 
0xB8361AEE 0x26F49840 0x30CFF37C 0x26DC8E63 
0x0 0x2 0x2 0x2 
0x0 0x2 0x2 0x2 
-1204413714 653563968 818934652 651988579 
0x87DFAB98 0x8BD641C7 0xBBD4C25E 0xD53FF0A1 
0x0 0x0 0x0 0x0 
0x0 0x0 0x0 0x0 
-2015384680 -1948892729 -1143684514 -717229919 
0xC96A797C 0x428399A8 0x78C96C6B 0xB4109E36 
0x0 0x1 0x1 0x0 
0x0 0x1 0x1 0x0 
-915768964 1115920808 2026466411 -1273979338 
0xBDA3F965 0xFA260A20 0x819CEBEC 0xD3A02625 
0x0 0x0 0x0 0x0 
0x0 0x0 0x0 0x0 
-1113327259 -98170336 -2120422420 -744479195 
0x1123EC94 0x3270A9E 0x2D066F8 0xB414AFC1 
0x3 0x6 0x6 0x0 
0x3 0x6 0x6 0x0 
287566996 52890270 47212280 -1273712703 
0x66D04BC6 0x157F2FAF 0x4957679D 0x81921A30 
0x1 0x3 0x1 0x0 
0x1 0x3 0x1 0x0 
1724926918 360656815 1230464925 -2121131472 
0xF3DC64D9 0xE09171B8 0x47D23F38 0x396EF5ED 
0x0 0x0 0x1 0x2 
0x0 0x0 0x1 0x2 
-203660071 -527339080 1204961080 963573229 
0x6BB9A339 0xD6BE050 0x2B90A4E 0x179851F7 
0x1 0x4 0x6 0x3 
0x1 0x4 0x6 0x3 
1807328057 225173584 45681230 395858423 
0x63C22021 0x2F456A11 0xCA604A16 0x6CAEBC43 
0x1 0x2 0x0 0x1 
0x1 0x2 0x0 0x1 
1673666593 793078289 -899659242 1823390787 
0xC9FCD16B 0xF7B052AD 0xE0B187F 0xC7616265 
0x0 0x0 0x4 0x0 
0x0 0x0 0x4 0x0 
-906178197 -139439443 235608191 -949919131 
0x387B3ED 0xF80AEC9F 0xD75E1721 0xFF91249F 
0x6 0x0 0x0 0x0 
0x6 0x0 0x0 0x0 
59225069 -133501793 -681699551 -7265121 
0x4343CA81 0xB48D483C 0x4DB8C962 0xC2FC2193 
0x1 0x0 0x1 0x0 
0x1 0x0 0x1 0x0 
1128516225 -1265809348 1303955810 -1023663725 
0x226FE5B1 0x90AAE991 0x534ACE8F 0x3CBC0DFE 
0x2 0x0 0x1 0x2 
0x2 0x0 0x1 0x2 
577758641 -1867847279 1397411471 1018957310 
0xF232DE9F 0x9595581 0x8F30533A 0x1DAB9108 
0x0 0x4 0x0 0x3 
0x0 0x4 0x0 0x3 
-231547233 156849537 -1892658374 497783048 
0x11BE52B2 0x73FFA52E 0x9D4224E0 0xBA4C3C2A 
0x3 0x1 0x0 0x0 
0x3 0x1 0x0 0x0 
297685682 1946133806 -1656609568 -1169408982 
0x1DE30AEB 0xDDC92AAC 0xE781AC7E 0xC24137A9 
0x3 0x0 0x0 0x0 
0x3 0x0 0x0 0x0 
501418731 -574018900 -410932098 -1035913303 
0xC0D4BE8B 0x2EF77DF5 0x454811BE 0x64122B32 
0x0 0x2 0x1 0x1 
0x0 0x2 0x1 0x1 
-1059799413 787971573 1162351038 1678912306 
int math:
0 1 2 3 
0 -1 -2 -3 
0 1 4 7 
0 1 0 -1 
0 1 0 0 
0 1 12 -42 
0 2 4 6 
0 2 4 6 
2 3 4 5 
2 1 0 -1 
0 1 0 3 
0 1 0 1 
-2147483648 -2147483648 1 0 
0 0 1 1 
int logical:
0 0 2 0 
0 1 2 7 
0 1 0 7 
bool logical:
0 1 1 1 
0 0 1 1 
1 0 0 0 
1 1 0 0 
1 1 0 0 
1 0 0 0 
int comps 1:
1 1 1 1 
0 0 0 0 
0 0 0 0 
0 0 0 0 
1 1 1 1 
1 1 1 1 

int comps 2:
1 0 1 0 
0 1 0 1 
0 0 0 1 
0 1 0 0 
1 0 1 1 
1 1 1 0 

abs/floor/ceil/min/max:
-100.500000 -100.499901 -100.500099 0.500000 
100.500000 100.499901 100.500099 0.500000 
-101.000000 -101.000000 -101.000000 0.000000 
-100.000000 -100.000000 -100.000000 1.000000 
-100.500000 -100.499901 -100.500099 0.500000 
0.000000 -0.500000 0.499900 1.500000 
0 0 2 3 
0 0 2 3 
0 1 2 4 
0 1 2 4 
-nan(ind) -nan(ind) -nan(ind) 0.707107 
-100.000000 -100.000000 -101.000000 0.000000 
-100.000000 -100.000000 -100.000000 0.000000 
1.000000 1.000000 2.000000 -14.000000 
Extracts:
14.000000 15.000000 2.000000 3.000000 
14.000000 15.000000 2.000000 3.000000
14.000000 15.000000 2.000000 3.000000
0 1 0 0 
0 -1 0 0
0 1 0 0
0 1 2 3 
0 1 2 3
0 1 2 3
int mul:
0 0 4 12 
0 0 -4 -12 
0 0 4 12 
0 0 -4 -12 
minu/maxu:
2147483646 2147483646 2147483646 2147483646 
-2 -2 -2 -2 
table4:
0 1 2 3 
0 0 2 4 
0 0 0 0 
0 1 130 131 
0 0 130 4 
0 0 0 0 
134744072 134744073 134744074 134744075 
134744072 134744072 134744074 134744076 
134742025 134742025 134742030 0 
134744073 134744073 134744078 0 
round/truncate/ceil/floor:
--- -4.00000000
-4.00000000 -4.00000000 -4.00000000 -4.00000000
-4.00000000 -4.00000000 -4.00000000 -4.00000000
--- -3.75000000
-4.00000000 -3.00000000 -3.00000000 -4.00000000
-4.00000000 -3.00000000 -3.00000000 -4.00000000
--- -3.50000000
-4.00000000 -3.00000000 -3.00000000 -4.00000000
-4.00000000 -3.00000000 -3.00000000 -4.00000000
--- -3.25000000
-3.00000000 -3.00000000 -3.00000000 -4.00000000
-3.00000000 -3.00000000 -3.00000000 -4.00000000
--- -3.00000000
-3.00000000 -3.00000000 -3.00000000 -3.00000000
-3.00000000 -3.00000000 -3.00000000 -3.00000000
--- -2.75000000
-3.00000000 -2.00000000 -2.00000000 -3.00000000
-3.00000000 -2.00000000 -2.00000000 -3.00000000
--- -2.50000000
-2.00000000 -2.00000000 -2.00000000 -3.00000000
-2.00000000 -2.00000000 -2.00000000 -3.00000000
--- -2.25000000
-2.00000000 -2.00000000 -2.00000000 -3.00000000
-2.00000000 -2.00000000 -2.00000000 -3.00000000
--- -2.00000000
-2.00000000 -2.00000000 -2.00000000 -2.00000000
-2.00000000 -2.00000000 -2.00000000 -2.00000000
--- -1.75000000
-2.00000000 -1.00000000 -1.00000000 -2.00000000
-2.00000000 -1.00000000 -1.00000000 -2.00000000
--- -1.50000000
-2.00000000 -1.00000000 -1.00000000 -2.00000000
-2.00000000 -1.00000000 -1.00000000 -2.00000000
--- -1.25000000
-1.00000000 -1.00000000 -1.00000000 -2.00000000
-1.00000000 -1.00000000 -1.00000000 -2.00000000
--- -1.00000000
-1.00000000 -1.00000000 -1.00000000 -1.00000000
-1.00000000 -1.00000000 -1.00000000 -1.00000000
--- -0.75000000
-1.00000000 0.00000000 -0.00000000 -1.00000000
-1.00000000 0.00000000 0.00000000 -1.00000000
--- -0.50000000
-0.00000000 0.00000000 -0.00000000 -1.00000000
0.00000000 0.00000000 0.00000000 -1.00000000
--- -0.25000000
-0.00000000 0.00000000 -0.00000000 -1.00000000
0.00000000 0.00000000 0.00000000 -1.00000000
--- 0.00000000
0.00000000 0.00000000 0.00000000 0.00000000
0.00000000 0.00000000 0.00000000 0.00000000
--- 0.25000000
0.00000000 0.00000000 1.00000000 0.00000000
0.00000000 0.00000000 1.00000000 0.00000000
--- 0.50000000
0.00000000 0.00000000 1.00000000 0.00000000
0.00000000 0.00000000 1.00000000 0.00000000
--- 0.75000000
1.00000000 0.00000000 1.00000000 0.00000000
1.00000000 0.00000000 1.00000000 0.00000000
--- 1.00000000
1.00000000 1.00000000 1.00000000 1.00000000
1.00000000 1.00000000 1.00000000 1.00000000
--- 1.25000000
1.00000000 1.00000000 2.00000000 1.00000000
1.00000000 1.00000000 2.00000000 1.00000000
--- 1.50000000
2.00000000 1.00000000 2.00000000 1.00000000
2.00000000 1.00000000 2.00000000 1.00000000
--- 1.75000000
2.00000000 1.00000000 2.00000000 1.00000000
2.00000000 1.00000000 2.00000000 1.00000000
--- 2.00000000
2.00000000 2.00000000 2.00000000 2.00000000
2.00000000 2.00000000 2.00000000 2.00000000
--- 2.25000000
2.00000000 2.00000000 3.00000000 2.00000000
2.00000000 2.00000000 3.00000000 2.00000000
--- 2.50000000
2.00000000 2.00000000 3.00000000 2.00000000
2.00000000 2.00000000 3.00000000 2.00000000
--- 2.75000000
3.00000000 2.00000000 3.00000000 2.00000000
3.00000000 2.00000000 3.00000000 2.00000000
--- 3.00000000
3.00000000 3.00000000 3.00000000 3.00000000
3.00000000 3.00000000 3.00000000 3.00000000
--- 3.25000000
3.00000000 3.00000000 4.00000000 3.00000000
3.00000000 3.00000000 4.00000000 3.00000000
--- 3.50000000
4.00000000 3.00000000 4.00000000 3.00000000
4.00000000 3.00000000 4.00000000 3.00000000
--- 3.75000000
4.00000000 3.00000000 4.00000000 3.00000000
4.00000000 3.00000000 4.00000000 3.00000000
--- 4.00000000
4.00000000 4.00000000 4.00000000 4.00000000
4.00000000 4.00000000 4.00000000 4.00000000
float math:
-0.000000 -0.000000 -0.000000 -0.000000 
14.000000 15.000000 2.000000 3.000000 
-14.000000 -15.000000 -2.000000 -3.000000 
14.000000 15.000000 4.000000 7.000000 
14.000000 15.000000 0.000000 -1.000000 
fa:
14.000000 15.000000 2.000000 3.000000 
0x41600000 0x41700000 0x40000000 0x40400000 
fc:
1.000000 1.000000 6.000000 -14.000000 
0x3F800000 0x3F800000 0x40C00000 0xC1600000 
14.000000 15.000000 0.333333 -0.214286 
0x41600000 0x41700000 0x3EAAAAAB 0xBE5B6DB7 
14.000000 15.000000 12.000000 -42.000000 
28.000000 30.000000 4.000000 6.000000 
28.000000 30.000000 4.000000 6.000000 
16.000000 17.000000 4.000000 5.000000 
-12.000000 -13.000000 0.000000 -1.000000 

Casts:
0.000000 1.000000 2.000000 3.000000 
14 15 2 3 
-1 -1 -1 -1 
0 0 0 0 
1 1 1 1 
1 1 1 1 
-1 -1 -1 -1 
0 0 0 0 
1 1 1 1 
1 1 1 1 
float comps:
1 1 1 1 
0 0 0 0 
0 0 0 0 
0 0 0 0 
1 1 1 1 
1 1 1 1 

float comps:
0 0 1 0 
1 1 0 1 
0 0 0 1 
1 1 0 0 
0 0 1 1 
1 1 1 0 

SPMD_WHILE:
1 2 3 4 
2 3 4 5 
3 4 5 7 
4 5 7 8 
5 7 8 9 
7 8 9 109 
8 9 109 109 
9 109 109 109 
109 109 109 109 
SPMD_IF:
2 2 2 1 
SPMD_SIF:
2 2 2 1 

Shifts:
0 1 2 3 
0 2 4 6 
0 0 1 1 
0 0 1 1 
0 2 4 6 
0 0 1 1 
0 0 1 1 
0 0 0 0 
0 0 0 0 
0 0 0 0 
Shifts2:
0 1024 2097152 -2147483648 
-1 -1 -1 -1 
-1 4194303 4095 1 
0 0 0 0 
-1 -1 -1 -1 
-1 -1 -1 -1 
0 0 0 0 
1 1 1 1 
Shifts3:
1073741824 1073741824 1073741824 1073741824 
1 1 1 1 
376979456 376979456 376979456 376979456 
306710 306710 306710 306710 
-1286078464 -1286078464 -1286078464 -1286078464 
7339 7339 7339 7339 
-1088421888 -1088421888 -1088421888 -1088421888 
2852 2852 2852 2852 
1991631360 1991631360 1991631360 1991631360 
2153901 2153901 2153901 2153901 
-322929984 -322929984 -322929984 -322929984 
3066887 3066887 3066887 3066887 
-1643549312 -1643549312 -1643549312 -1643549312 
2783269 2783269 2783269 2783269 
402653184 402653184 402653184 402653184 
7 7 7 7 
-1071349760 -1071349760 -1071349760 -1071349760 
99056 99056 99056 99056 
-1912602624 -1912602624 -1912602624 -1912602624 
154 154 154 154 
-1439170560 -1439170560 -1439170560 -1439170560 
2715 2715 2715 2715 
1294799360 1294799360 1294799360 1294799360 
478509 478509 478509 478509 
-618522624 -618522624 -618522624 -618522624 
841580 841580 841580 841580 
-2131151568 -2131151568 -2131151568 -2131151568 
235136212 235136212 235136212 235136212 
-84626432 -84626432 -84626432 -84626432 
3882685 3882685 3882685 3882685 
0 0 0 0 
0 0 0 0 
-1552750592 -1552750592 -1552750592 -1552750592 
219789 219789 219789 219789 
2139095040 2139095040 2139095040 2139095040 
1020 1020 1020 1020 
1915224064 1915224064 1915224064 1915224064 
1607 1607 1607 1607 
613954560 613954560 613954560 613954560 
1761865 1761865 1761865 1761865 
-871956480 -871956480 -871956480 -871956480 
12140 12140 12140 12140 
-939524096 -939524096 -939524096 -939524096 
0 0 0 0 
586031952 586031952 586031952 586031952 
586031952 586031952 586031952 586031952 
0 0 0 0 
3 3 3 3 
-129499136 -129499136 -129499136 -129499136 
1682 1682 1682 1682 
-1073741824 -1073741824 -1073741824 -1073741824 
1 1 1 1 
-1947656192 -1947656192 -1947656192 -1947656192 
28386 28386 28386 28386 
-985923584 -985923584 -985923584 -985923584 
6021 6021 6021 6021 
-1877847808 -1877847808 -1877847808 -1877847808 
12124453 12124453 12124453 12124453 
1722928384 1722928384 1722928384 1722928384 
57061837 57061837 57061837 57061837 
146800640 146800640 146800640 146800640 
8109 8109 8109 8109 
1451536620 1451536620 1451536620 1451536620 
90721038 90721038 90721038 90721038 
Ternary:
0 1 2 3 
0 0 2 4 
1 1 6 -14 
1 1 6 -14 
0.000000 0.000000 6.000000 -14.000000 
Stores:
14.000000 15.000000 2.000000 3.000000 
14.000000 15.000000 2.000000 3.000000 
14.000000 15.000000 2.000000 3.000000 
14.000000 15.000000 2.000000 3.000000 
14.000000 15.000000 2.000000 3.000000 
Masked stores:
14.000000 15.000000 2.000000 3.000000 
14.000000 15.000000 2.000000 3.000000 
-nan -nan -nan 3.000000 
14.000000 15.000000 2.000000 3.000000 
-nan -nan -nan 3.000000 
Masked loads:
14.000000 15.000000 2.000000 3.000000 
14.000000 15.000000 2.000000 3.000000 
14.000000 15.000000 2.000000 3.000000 
14.000000 15.000000 2.000000 3.000000 
14.000000 15.000000 2.000000 3.000000 
Masked loads:
14.000000 15.000000 2.000000 3.000000 
14.000000 15.000000 2.000000 3.000000 
0.000000 0.000000 0.000000 3.000000 
14.000000 15.000000 2.000000 3.000000 
0.000000 0.000000 0.000000 3.000000 
SPMD_IF all opt:
Inside 2
WEND spmd_break:
0 1 2 3 
1 2 3 4 
2 3 4 5 
3 4 5 5 
4 5 5 5 
5 5 5 5 
vint_vref:
0 5 4 3 
1 6 5 4 
2 7 6 5 
3 8 7 6 
4 9 8 7 
5 0 9 8 
6 1 0 9 
7 2 1 0 
8 3 2 1 
9 4 3 2 
spmd_foreach 4:
0.000000 1.000000 2.000000 3.000000 
0 1 2 3 
0.000000 1.000000 2.000000 3.000000 -nan -nan -nan -nan -nan -nan -nan -nan -nan -nan -nan -nan -nan -nan -nan -nan -nan -nan -nan -nan -nan -nan -nan -nan -nan -nan -nan -nan 
0 1 2 3 -1 -1 -1 -1 -1 -1 -1 -1 -1 -1 -1 -1 -1 -1 -1 -1 -1 -1 -1 -1 -1 -1 -1 -1 -1 -1 -1 -1 
spmd_foreach 2:
0.000000 1.000000 0.000000 0.000000 
0 1 0 0 
0.000000 1.000000 -nan -nan -nan -nan -nan -nan -nan -nan -nan -nan -nan -nan -nan -nan -nan -nan -nan -nan -nan -nan -nan -nan -nan -nan -nan -nan -nan -nan -nan -nan 
0 1 -1 -1 -1 -1 -1 -1 -1 -1 -1 -1 -1 -1 -1 -1 -1 -1 -1 -1 -1 -1 -1 -1 -1 -1 -1 -1 -1 -1 -1 -1 
spmd_foreach 6:
0.000000 1.000000 2.000000 3.000000 
0 1 2 3 
0.000000 1.000000 2.000000 3.000000 
0 1 2 3 
4.000000 5.000000 0.000000 0.000000 
4 5 0 0 
4.000000 5.000000 0.000000 0.000000 
4 5 0 0 
0.000000 1.000000 2.000000 3.000000 4.000000 5.000000 -nan -nan -nan -nan -nan -nan -nan -nan -nan -nan -nan -nan -nan -nan -nan -nan -nan -nan -nan -nan -nan -nan -nan -nan -nan -nan 
0 1 2 3 4 5 -1 -1 -1 -1 -1 -1 -1 -1 -1 -1 -1 -1 -1 -1 -1 -1 -1 -1 -1 -1 -1 -1 -1 -1 -1 -1 
spmd_foreach 7:
0.000000 1.000000 2.000000 3.000000 
0 1 2 3 
4.000000 5.000000 6.000000 0.000000 
4 5 6 0 
0.000000 1.000000 2.000000 3.000000 4.000000 5.000000 6.000000 -nan -nan -nan -nan -nan -nan -nan -nan -nan -nan -nan -nan -nan -nan -nan -nan -nan -nan -nan -nan -nan -nan -nan -nan -nan 
0 1 2 3 4 5 6 -1 -1 -1 -1 -1 -1 -1 -1 -1 -1 -1 -1 -1 -1 -1 -1 -1 -1 -1 -1 -1 -1 -1 -1 -1 
Casts:
1096810496 1097859072 1073741824 1077936128 
0.000000 0.000000 0.000000 0.000000 
14.000000 15.000000 2.000000 3.000000 
14.000000 15.000000 2.000000 3.000000 
0 0 2 4 
0 0 2 4 
Load all int:
0 1 2 3 
0 1 2 3 
0 1 2 3 
0 1 2 3 
Load all float:
14.000000 15.000000 2.000000 3.000000 
14.000000 15.000000 2.000000 3.000000 
SPMD_FOR:
i: 0 1 2 3 
  j: 0 1 2 3 
  j: 1 2 3 4 
  j: 2 3 4 5 
  j: 3 4 5 6 
  j: 4 5 6 7 
  j: 5 6 7 8 
  j: 6 7 8 9 
  j: 7 8 9 10 
  j: 8 9 10 10 
  j: 9 10 10 10 
i: 1 2 3 4 
  j: 1 2 3 4 
  j: 2 3 4 5 
  j: 3 4 5 6 
  j: 4 5 6 7 
  j: 5 6 7 8 
  j: 6 7 8 9 
  j: 7 8 9 10 
  j: 8 9 10 10 
  j: 9 10 10 10 
i: 2 3 4 5 
  j: 2 3 4 5 
  j: 3 4 5 6 
  j: 4 5 6 7 
  j: 5 6 7 8 
  j: 6 7 8 9 
  j: 7 8 9 10 
  j: 8 9 10 10 
  j: 9 10 10 10 
i: 3 4 5 6 
  j: 3 4 5 6 
  j: 4 5 6 7 
  j: 5 6 7 8 
  j: 6 7 8 9 
  j: 7 8 9 10 
  j: 8 9 10 10 
  j: 9 10 10 10 
i: 4 5 6 7 
  j: 4 5 6 7 
  j: 5 6 7 8 
  j: 6 7 8 9 
  j: 7 8 9 10 
  j: 8 9 10 10 
  j: 9 10 10 10 
i: 5 6 7 8 
  j: 5 6 7 8 
  j: 6 7 8 9 
  j: 7 8 9 10 
  j: 8 9 10 10 
  j: 9 10 10 10 
i: 6 7 8 9 
  j: 6 7 8 9 
  j: 7 8 9 10 
  j: 8 9 10 10 
  j: 9 10 10 10 
i: 7 8 9 10 
  j: 7 8 9 10 
  j: 8 9 10 10 
  j: 9 10 10 10 
i: 8 9 10 11 
  j: 8 9 10 11 
  j: 9 10 10 11 
i: 9 10 11 12 
  j: 9 10 11 12 
i: 10 11 12 13 
i: 11 12 13 14 
i: 12 13 14 15 
i: 13 14 15 15 
i: 14 15 15 15 
Nested while:
i: 0 1 2 3 
h: 0 2 4 6 
h: 1 3 5 7 
h: 2 4 6 8 
h: 3 5 7 9 
h: 4 6 8 10 
h: 5 7 9 11 
h: 6 8 10 12 
h: 7 9 11 13 
h: 8 10 12 14 
h: 9 11 13 15 
h: 10 12 14 16 
h: 11 13 15 17 
h: 12 14 16 18 
h: 13 15 17 20 
h: 14 16 18 20 
h: 15 17 20 20 
h: 16 18 20 20 
h: 17 20 20 20 
h: 18 20 20 20 
i: 1 2 3 4 
h: 1 3 5 7 
h: 2 4 6 8 
h: 3 5 7 9 
h: 4 6 8 10 
h: 5 7 9 11 
h: 6 8 10 12 
h: 7 9 11 13 
h: 8 10 12 14 
h: 9 11 13 15 
h: 10 12 14 16 
h: 11 13 15 17 
h: 12 14 16 18 
h: 13 15 17 20 
h: 14 16 18 20 
h: 15 17 20 20 
h: 16 18 20 20 
h: 17 20 20 20 
h: 18 20 20 20 
i: 2 3 4 5 
h: 2 4 6 5 
h: 3 5 7 5 
h: 4 6 8 5 
h: 5 7 9 5 
h: 6 8 10 5 
h: 7 9 11 5 
h: 8 10 12 5 
h: 9 11 13 5 
h: 10 12 14 5 
h: 11 13 15 5 
h: 12 14 16 5 
h: 13 15 17 5 
h: 14 16 18 5 
h: 15 17 20 5 
h: 16 18 20 5 
h: 17 20 20 5 
h: 18 20 20 5 
i: 3 4 5 5 
h: 3 5 5 5 
h: 4 6 5 5 
h: 5 7 5 5 
h: 6 8 5 5 
h: 7 9 5 5 
h: 8 10 5 5 
h: 9 11 5 5 
h: 10 12 5 5 
h: 11 13 5 5 
h: 12 14 5 5 
h: 13 15 5 5 
h: 14 16 5 5 
h: 15 17 5 5 
h: 16 18 5 5 
h: 17 20 5 5 
h: 18 20 5 5 
i: 4 5 5 5 
h: 4 5 5 5 
h: 5 5 5 5 
h: 6 5 5 5 
h: 7 5 5 5 
h: 8 5 5 5 
h: 9 5 5 5 
h: 10 5 5 5 
h: 11 5 5 5 
h: 12 5 5 5 
h: 13 5 5 5 
h: 14 5 5 5 
h: 15 5 5 5 
h: 16 5 5 5 
h: 17 5 5 5 
h: 18 5 5 5 
Float array abs 0:
0: Size 10x4
0.645680 0.421003 -0.817194 0.977050 
-0.030122 -0.084078 0.198096 0.144810 
0.898679 -0.056551 -0.087802 0.478378 
-0.126621 0.257363 0.391522 -0.643300 
0.335551 -0.388348 0.702445 -0.841304 
0.726493 -0.239784 0.911435 -0.736747 
0.487594 -0.543016 0.084811 0.049348 
0.060274 0.455794 0.289041 0.895810 
0.886044 -0.489425 0.590503 0.181494 
-0.593860 0.375286 -0.944395 -0.714652 
0 max: 0.977050, 0 3

1: Size 15x5
0.493210 0.027070 -0.271096 -0.108615 -0.244240 
-0.589282 0.898312 -0.229530 -0.277322 0.605762 
0.842769 -0.250038 -0.456221 0.134556 -0.204688 
-0.535142 -0.679617 0.849605 0.990356 0.250343 
0.953063 -0.652150 0.488632 -0.846797 -0.103488 
-0.016999 0.570727 0.261696 0.486557 -0.340312 
0.230445 0.727165 0.969665 -0.146397 -0.534471 
0.371258 0.555467 0.413129 -0.882443 0.239967 
0.081149 -0.206092 -0.606983 -0.858150 -0.091342 
0.035920 -0.819147 -0.289834 -0.210303 -0.602588 
-0.088595 0.454573 0.165197 -0.075594 0.632130 
0.383282 0.353252 0.559008 -0.590808 0.538438 
-0.872555 0.615223 -0.307718 -0.892697 -0.957884 
0.819636 -0.021210 -0.634144 0.882260 -0.930967 
-0.864498 0.182226 0.380596 -0.402997 0.545030 
1 max: 0.990356, 3 3

2: Size 2x13
-0.651784 -0.392010 -0.705374 -0.761834 0.063326 -0.667531 -0.885922 0.039766 0.911801 -0.075839 0.559313 0.222999 0.680288 
0.487472 0.488876 0.470016 -0.696890 0.034211 -0.662038 0.399518 -0.716849 -0.146886 -0.693533 -0.617298 -0.688894 -0.440840 
2 max: 0.911801, 0 8

3: Size 7x15
0.717887 -0.970031 -0.668203 -0.990661 0.142369 0.326090 0.215369 -0.396100 0.851436 -0.529344 0.687307 -0.215125 -0.952513 -0.887570 -0.454207 
-0.063082 -0.783441 0.217933 -0.549791 0.979980 0.314615 0.009613 0.810236 -0.859249 0.754509 -0.644215 0.007843 0.137486 -0.049409 -0.929807 
-0.308023 -0.366253 -0.404401 0.522629 0.780328 -0.898984 0.253517 -0.753349 0.882138 0.466170 0.494430 -0.877987 -0.768792 -0.090976 -0.852229 
0.065157 0.926084 -0.328104 0.996033 -0.124546 -0.419965 -0.596057 -0.067293 0.657582 -0.249733 0.810175 0.397015 -0.839229 0.382244 0.735466 
0.138401 0.738090 -0.346171 0.640004 -0.402509 -0.353923 0.918149 0.887997 0.049165 0.751274 0.010102 0.102329 -0.241737 -0.235267 -0.209632 
-0.006195 -0.285806 -0.251503 0.223975 0.278420 0.193762 -0.747063 -0.868099 -0.361187 0.613758 0.801202 -0.492599 -0.144383 -0.548875 -0.730583 
0.713309 -0.500900 -0.837153 -0.482406 -0.749809 -0.882565 -0.134434 0.684194 -0.991333 -0.517808 0.890561 0.881954 -0.715140 -0.164159 -0.870296 
3 max: 0.996033, 3 3

0 max: 0.977050, 0 3
1 max: 0.990356, 3 3
2 max: 0.911801, 0 8
3 max: 0.996033, 3 3
Non-SPMD check:
0 max: 0.977050, 0 3
1 max: 0.990356, 3 3
2 max: 0.911801, 0 8
3 max: 0.996033, 3 3

Float array abs 1:
0: Size 7x3
0.471847 -0.249855 -0.935667 
0.636769 -0.959838 0.804254 
0.563036 -0.441389 -0.397198 
0.316996 0.684255 -0.848567 
0.965148 0.796075 0.141575 
0.573717 -0.727042 0.264565 
0.209265 0.493820 0.211829 
0 max: 0.965148, 4 0

1: Size 4x4
0.636341 0.299661 0.546983 -0.163060 
0.478927 -0.986023 -0.075472 -0.951659 
0.865780 0.121433 0.454268 -0.106418 
-0.402509 -0.514756 -0.938231 -0.639149 
1 max: 0.986023, 1 1

2: Size 10x5
-0.750725 0.830866 -0.102268 -0.686819 0.508957 
-0.728446 0.496628 0.535813 0.364849 -0.468123 
0.176855 0.748833 0.733207 0.780694 -0.881527 
0.562853 -0.002472 -0.287576 -0.404157 -0.883541 
0.027131 -0.347087 -0.303690 0.845637 0.373394 
-0.832636 0.125156 -0.092563 -0.434980 0.736992 
-0.418744 0.824458 0.568468 -0.210730 -0.945128 
-0.133518 0.160863 0.902097 0.553514 -0.825312 
-0.379376 -0.455428 -0.869137 -0.107089 -0.055818 
-0.558641 -0.614185 0.477584 0.842647 -0.789117 
2 max: 0.945128, 6 4

3: Size 1x7
0.437788 0.779351 -0.984863 0.838069 0.813044 -0.543504 -0.336772 
3 max: 0.984863, 0 2

0 max: 0.965148, 4 0
1 max: 0.986023, 1 1
2 max: 0.945128, 6 4
3 max: 0.984863, 0 2
Non-SPMD check:
0 max: 0.965148, 4 0
1 max: 0.986023, 1 1
2 max: 0.945128, 6 4
3 max: 0.984863, 0 2

Float array abs 2:
0: Size 2x12
-0.869625 0.293008 0.249794 -0.005707 -0.256020 -0.090976 0.581042 -0.896542 0.286843 0.830683 0.515427 -0.274209 
0.777764 0.602832 -0.837458 -0.001434 0.723991 -0.194983 0.861751 0.051424 -0.904172 -0.483871 0.636952 0.922361 
0 max: 0.922361, 1 11

1: Size 13x12
-0.720450 0.713553 0.833613 0.402264 -0.036409 -0.813654 0.648305 -0.625294 0.442854 -0.034028 -0.232093 -0.937559 
0.184729 0.659536 0.264809 -0.631459 -0.422163 -0.356548 0.807733 0.904538 -0.472884 -0.425947 -0.513230 -0.509018 
-0.945494 0.051851 0.159093 0.162572 0.544359 -0.049776 0.099155 0.446516 0.913938 -0.002350 0.569262 0.678762 
0.814692 -0.121189 0.567370 0.897519 0.038972 -0.655080 0.823542 0.364055 0.028901 0.725028 -0.434004 -0.760918 
-0.608936 0.128574 0.540330 0.686636 0.237465 0.065767 0.281594 0.020356 -0.701956 0.244301 0.027863 0.785333 
-0.290628 -0.210486 0.128758 -0.356792 0.315653 -0.648915 0.774041 -0.221229 0.147008 0.043916 0.505661 -0.069308 
-0.304605 0.849910 0.383526 0.880612 0.449202 -0.560839 -0.398297 -0.997559 -0.998413 0.612110 0.550035 0.288430 
0.275002 0.297952 -0.644704 0.512070 -0.186010 -0.431745 -0.934629 0.054842 -0.712394 -0.562853 0.711905 0.471908 
-0.626148 0.121982 0.094943 -0.349162 0.585803 -0.023286 0.465865 0.299112 -0.569201 -0.992737 0.542039 0.094333 
-0.082125 -0.689688 0.653188 0.410260 -0.059603 -0.097263 0.103855 0.098544 0.856990 0.810907 0.591113 -0.230934 
-0.167333 -0.148778 0.080844 -0.096408 0.053499 -0.415387 -0.719779 0.816523 -0.008087 -0.663869 0.410016 -0.890744 
0.044160 0.732963 0.428694 0.244117 0.100986 0.260659 0.295755 0.816218 0.261391 0.071383 0.549486 0.728385 
0.478072 -0.056185 0.747490 0.545091 0.258583 0.169103 0.451155 -0.539109 0.091159 -0.495102 0.560289 0.239540 
1 max: 0.998413, 6 8

2: Size 13x14
-0.092074 -0.467818 -0.795465 0.408246 0.922056 0.041475 0.475631 0.981750 0.801508 -0.040376 0.489242 0.644520 -0.835078 -0.347697 
0.213233 0.629994 0.965087 0.134556 0.979125 -0.202673 -0.444624 0.834040 -0.422712 -0.296182 -0.355693 0.867183 -0.545274 0.793451 
-0.359722 -0.345561 0.851741 -0.856441 0.994873 -0.730094 -0.245521 0.415326 0.461287 -0.732658 0.224464 -0.422468 -0.685415 0.168798 
-0.588183 -0.359233 0.712271 -0.904599 -0.558092 0.744438 0.170568 0.635670 -0.824030 0.185339 0.577258 0.935911 -0.282876 0.563707 
-0.249550 0.624195 -0.605762 0.650258 -0.206946 -0.494003 0.901364 -0.594714 0.444197 0.992920 0.050386 0.102206 0.634999 -0.236793 
-0.121189 -0.360271 0.745415 -0.531846 0.520859 -0.160253 -0.955687 -0.365642 -0.011628 -0.774773 0.991455 -0.763237 -0.959166 0.552538 
0.019562 0.722648 -0.386700 0.209388 -0.902097 -0.969115 0.697379 -0.766961 0.531358 -0.582507 0.748161 -0.500290 0.907407 0.716849 
-0.604602 0.908017 -0.154332 0.534104 -0.003021 -0.635365 0.958068 -0.888607 -0.204260 -0.895199 -0.331889 -0.948790 -0.792840 -0.958800 
0.228919 0.231056 0.290200 -0.897641 0.690725 0.126011 -0.076083 -0.820307 0.504135 0.822382 -0.900937 -0.948668 -0.087069 -0.689138 
-0.257179 -0.273110 0.794488 -0.425520 -0.348308 -0.399762 0.692801 0.348064 0.379254 0.105258 -0.611438 -0.339640 -0.002716 0.310953 
0.159825 -0.569323 0.206153 0.610462 0.352641 -0.927549 -0.637806 0.526658 0.143712 -0.511277 -0.115635 0.038423 -0.567064 -0.173376 
0.702445 0.377606 0.372967 -0.129490 -0.733879 0.827876 -0.970153 0.625538 -0.479843 0.507920 0.934080 0.345561 -0.807489 0.643056 
-0.406598 0.602832 0.142430 0.014802 -0.135044 0.151524 -0.206519 0.554979 -0.768731 -0.302103 -0.114719 -0.257973 -0.751335 0.545335 
2 max: 0.994873, 2 4

3: Size 10x9
-0.639454 0.635182 -0.491623 -0.780816 -0.802301 -0.348064 0.127903 -0.145604 0.685904 
-0.305277 -0.153172 0.377361 -0.523240 0.639882 0.315165 0.527329 0.284890 0.584948 
-0.383343 0.481429 0.320902 -0.410504 0.159093 0.031220 0.021882 0.231605 -0.887265 
-0.541551 -0.566454 -0.203894 0.576830 0.337382 -0.055330 -0.681387 0.964110 -0.898556 
0.552049 0.597766 0.259987 0.458357 0.756768 0.200110 0.124485 0.751945 0.383038 
-0.770501 0.868587 0.169530 0.253578 -0.000763 -0.058016 -0.853450 0.864559 -0.210608 
0.822932 0.140416 0.981811 -0.017914 -0.353069 -0.685171 0.091891 -0.428449 -0.847224 
-0.335734 -0.692068 -0.846187 0.663320 0.281838 -0.536729 -0.332560 0.142491 -0.694937 
-0.914487 0.265664 0.142674 0.316874 -0.514084 0.531724 -0.419721 0.846919 0.078402 
-0.581164 -0.091891 0.405316 -0.037751 -0.158666 -0.335246 0.537523 0.954283 0.304727 
3 max: 0.981811, 6 2

0 max: 0.922361, 1 11
1 max: 0.998413, 6 8
2 max: 0.994873, 2 4
3 max: 0.981811, 6 2
Non-SPMD check:
0 max: 0.922361, 1 11
1 max: 0.998413, 6 8
2 max: 0.994873, 2 4
3 max: 0.981811, 6 2

Float array abs 3:
0: Size 2x8
0.640675 0.268654 -0.355754 -0.427778 0.101108 -0.906064 -0.556749 0.493210 
-0.531297 0.410871 0.797418 0.488998 0.062716 -0.804559 0.691031 -0.284951 
0 max: 0.906064, 0 5

1: Size 3x16
-0.252113 0.619190 0.505844 -0.106967 -0.512558 0.755730 0.529099 0.987182 -0.667348 0.470931 -0.995422 -0.141453 -0.155065 -0.516709 -0.613697 0.524644 
0.683218 0.421674 0.850826 0.537950 -0.145909 0.074862 -0.452803 0.236183 0.962035 0.641896 -0.152501 -0.007782 0.458846 0.981933 -0.403790 -0.535936 
0.894223 -0.135655 -0.639515 0.844966 0.165380 -0.781365 -0.319681 0.113132 0.767388 -0.615467 0.318094 0.282144 -0.957396 0.361858 -0.491012 0.650624 
1 max: 0.995422, 0 10

2: Size 14x4
-0.799005 -0.362590 -0.434187 -0.167455 
0.699088 -0.894833 -0.319254 -0.724845 
-0.114231 0.418134 -0.683157 0.997070 
0.608814 -0.763604 0.946837 -0.716727 
-0.284158 0.220191 0.043306 -0.580859 
-0.945494 -0.970458 -0.921079 -0.310343 
-0.527512 0.324808 -0.473617 -0.619923 
0.817499 -0.234046 -0.141697 0.775628 
-0.063021 0.013214 -0.452620 -0.838801 
0.678823 0.726737 -0.933836 0.822260 
-0.109470 0.566698 -0.112461 -0.956298 
-0.580126 -0.806879 0.483932 0.110874 
0.114475 -0.733634 0.328104 -0.691214 
-0.178137 0.446577 -0.107395 0.922788 
2 max: 0.997070, 2 3

3: Size 4x11
0.301370 0.892148 -0.545152 -0.454695 -0.130345 -0.370586 0.464095 0.804010 -0.554369 0.162389 0.162755 
-0.792352 -0.824702 -0.026582 0.398236 0.634632 0.663625 0.267678 0.445601 -0.949156 0.464522 0.115818 
0.501083 -0.373882 -0.118442 0.616504 -0.192846 -0.473434 0.012543 0.144993 -0.853328 -0.681082 0.624500 
0.638661 -0.735893 -0.238746 -0.655385 0.094333 -0.512131 0.530747 -0.703360 0.690237 0.245338 0.770745 
3 max: 0.949156, 1 8

0 max: 0.906064, 0 5
1 max: 0.995422, 0 10
2 max: 0.997070, 2 3
3 max: 0.949156, 1 8
Non-SPMD check:
0 max: 0.906064, 0 5
1 max: 0.995422, 0 10
2 max: 0.997070, 2 3
3 max: 0.949156, 1 8

Float array abs 4:
0: Size 5x1
-0.185888 
0.140355 
-0.083224 
0.084933 
0.586230 
0 max: 0.586230, 4 0

1: Size 3x10
0.239479 -0.896420 -0.856990 0.265664 -0.943236 -0.237770 0.963927 -0.741752 0.252113 0.186438 
0.315165 0.936277 0.716971 0.374065 -0.991333 -0.347880 -0.496445 0.171606 0.231910 -0.585925 
-0.631947 0.243507 -0.952025 0.119724 0.888180 -0.017548 -0.968200 -0.530747 0.651967 0.610523 
1 max: 0.991333, 1 4

2: Size 2x3
0.635365 0.111911 0.595080 
-0.191870 0.241310 -0.068880 
2 max: 0.635365, 0 0

3: Size 6x9
0.434614 -0.026154 0.959105 0.564562 0.214881 0.938169 -0.059114 0.219214 0.016694 
-0.970397 0.016449 -0.910520 -0.797479 0.923032 0.847591 0.239723 -0.296854 0.702445 
0.326640 -0.263100 0.940062 -0.018220 0.885006 -0.872738 0.341716 0.052034 -0.743767 
0.907773 0.279763 -0.782342 0.171789 0.932737 -0.828242 -0.796258 0.785272 0.760186 
0.354961 -0.210425 -0.370525 0.042085 0.898373 -0.624439 0.783074 0.422468 -0.703848 
-0.749687 -0.589160 0.882565 0.862301 -0.386151 -0.866756 0.036592 0.483200 -0.053621 
3 max: 0.970397, 1 0

0 max: 0.586230, 4 0
1 max: 0.991333, 1 4
2 max: 0.635365, 0 0
3 max: 0.970397, 1 0
Non-SPMD check:
0 max: 0.586230, 4 0
1 max: 0.991333, 1 4
2 max: 0.635365, 0 0
3 max: 0.970397, 1 0

Int array abs 0:
0: Size 10x4
10579 6898 -13388 16008 
-493 -1377 3246 2373 
14724 -926 -1438 7838 
-2074 4217 6415 -10539 
5498 -6362 11509 -13783 
11903 -3928 14933 -12070 
7989 -8896 1390 809 
988 7468 4736 14677 
14517 -8018 9675 2974 
-9729 6149 -15472 -11708 
0 max: 16008, 0 3

1: Size 15x5
8081 444 -4441 -1779 -4001 
-9654 14718 -3760 -4543 9925 
13808 -4096 -7474 2205 -3353 
-8767 -11134 13920 16226 4102 
15615 -10684 8006 -13873 -1695 
-278 9351 4288 7972 -5575 
3776 11914 15887 -2398 -8756 
6083 9101 6769 -14457 3932 
1330 -3376 -9944 -14059 -1496 
589 -13420 -4748 -3445 -9872 
-1451 7448 2707 -1238 10357 
6280 5788 9159 -9679 8822 
-14295 10080 -5041 -14625 -15693 
13429 -347 -10389 14455 -15252 
-14163 2986 6236 -6602 8930 
1 max: 16226, 3 3

2: Size 2x13
-10678 -6422 -11556 -12481 1038 -10936 -14514 652 14939 -1242 9164 3654 11146 
7987 8010 7701 -11417 561 -10846 6546 -11744 -2406 -11362 -10113 -11286 -7222 
2 max: 14939, 0 8

3: Size 7x15
11762 -15892 -10947 -16230 2333 5343 3529 -6489 13950 -8672 11261 -3524 -15605 -14541 -7441 
-1033 -12835 3571 -9007 16056 5155 158 13275 -14077 12362 -10554 129 2253 -809 -15233 
-5046 -6000 -6625 8563 12785 -14728 4154 -12342 14453 7638 8101 -14384 -12595 -1490 -13962 
1068 15173 -5375 16319 -2040 -6880 -9765 -1102 10774 -4091 13274 6505 -13749 6263 12050 
2268 12093 -5671 10486 -6594 -5798 15043 14549 806 12309 166 1677 -3960 -3854 -3434 
-101 -4682 -4120 3670 4562 3175 -12239 -14222 -5917 10056 13127 -8070 -2365 -8992 -11969 
11687 -8206 -13715 -7903 -12284 -14459 -2202 11210 -16241 -8483 14591 14450 -11716 -2689 -14258 
3 max: 16319, 3 3

0 max: 16008, 0 3
1 max: 16226, 3 3
2 max: 14939, 0 8
3 max: 16319, 3 3
Non-SPMD check:
0 max: 16008, 0 3
1 max: 16226, 3 3
2 max: 14939, 0 8
3 max: 16319, 3 3

Int array abs 1:
0: Size 7x3
7731 -4093 -15329 
10433 -15725 13177 
9225 -7231 -6507 
5194 11211 -13902 
15813 13043 2320 
9400 -11911 4335 
3429 8091 3471 
0 max: 15813, 4 0

1: Size 4x4
10426 4910 8962 -2671 
7847 -16154 -1236 -15591 
14185 1990 7443 -1743 
-6594 -8433 -15371 -10471 
1 max: 16154, 1 1

2: Size 10x5
-12299 13613 -1675 -11252 8339 
-11934 8137 8779 5978 -7669 
2898 12269 12013 12791 -14442 
9222 -40 -4711 -6621 -14475 
445 -5686 -4975 13855 6118 
-13641 2051 -1516 -7126 12075 
-6860 13508 9314 -3452 -15484 
-2187 2636 14780 9069 -13521 
-6215 -7461 -14239 -1754 -914 
-9152 -10062 7825 13806 -12928 
2 max: 15484, 6 4

3: Size 1x7
7173 12769 -16135 13731 13321 -8904 -5517 
3 max: 16135, 0 2

0 max: 15813, 4 0
1 max: 16154, 1 1
2 max: 15484, 6 4
3 max: 16135, 0 2
Non-SPMD check:
0 max: 15813, 4 0
1 max: 16154, 1 1
2 max: 15484, 6 4
3 max: 16135, 0 2

Int array abs 2:
0: Size 2x12
-14247 4801 4093 -93 -4194 -1490 9520 -14688 4700 13610 8445 -4492 
12743 9877 -13720 -23 11862 -3194 14119 843 -14813 -7927 10436 15112 
0 max: 15112, 1 11

1: Size 13x12
-11803 11691 13658 6591 -596 -13330 10622 -10244 7256 -557 -3802 -15360 
3027 10806 4339 -10345 -6916 -5841 13234 14820 -7747 -6978 -8408 -8339 
-15490 850 2607 2664 8919 -815 1625 7316 14974 -38 9327 11121 
13348 -1985 9296 14705 639 -10732 13493 5965 474 11879 -7110 -12466 
-9976 2107 8853 11250 3891 1078 4614 334 -11500 4003 457 12867 
-4761 -3448 2110 -5845 5172 -10631 12682 -3624 2409 720 8285 -1135 
-4990 13925 6284 14428 7360 -9188 -6525 -16343 -16357 10029 9012 4726 
4506 4882 -10562 8390 -3047 -7073 -15312 899 -11671 -9221 11664 7732 
-10258 1999 1556 -5720 9598 -381 7633 4901 -9325 -16264 8881 1546 
-1345 -11299 10702 6722 -976 -1593 1702 1615 14041 13286 9685 -3783 
-2741 -2437 1325 -1579 877 -6805 -11792 13378 -132 -10876 6718 -14593 
724 12009 7024 4000 1655 4271 4846 13373 4283 1170 9003 11934 
7833 -920 12247 8931 4237 2771 7392 -8832 1494 -8111 9180 3925 
1 max: 16357, 6 8

2: Size 13x14
-1508 -7664 -13032 6689 15107 680 7793 16085 13132 -661 8016 10560 -13681 -5696 
3494 10322 15812 2205 16042 -3320 -7284 13665 -6925 -4852 -5827 14208 -8933 13000 
-5893 -5661 13955 -14031 16300 -11961 -4022 6805 7558 -12003 3678 -6921 -11229 2766 
-9636 -5885 11670 -14820 -9143 12197 2795 10415 -13500 3037 9458 15334 -4634 9236 
-4088 10227 -9924 10654 -3390 -8093 14768 -9743 7278 16268 826 1675 10404 -3879 
-1985 -5902 12213 -8713 8534 -2625 -15657 -5990 -190 -12693 16244 -12504 -15714 9053 
321 11840 -6335 3431 -14779 -15877 11426 -12565 8706 -9543 12258 -8196 14867 11745 
-9905 14877 -2528 8751 -49 -10409 15697 -14558 -3346 -14666 -5437 -15544 -12989 -15708 
3751 3786 4755 -14706 11317 2065 -1246 -13439 8260 13474 -14760 -15542 -1426 -11290 
-4213 -4474 13017 -6971 -5706 -6549 11351 5703 6214 1725 -10017 -5564 -44 5095 
2619 -9327 3378 10002 5778 -15196 -10449 8629 2355 -8376 -1894 630 -9290 -2840 
11509 6187 6111 -2121 -12023 13564 -15894 10249 -7861 8322 15304 5662 -13229 10536 
-6661 9877 2334 243 -2212 2483 -3383 9093 -12594 -4949 -1879 -4226 -12309 8935 
2 max: 16300, 2 4

3: Size 10x9
-10476 10407 -8054 -12792 -13144 -5702 2096 -2385 11238 
-5001 -2509 6183 -8572 10484 5164 8640 4668 9584 
-6280 7888 5258 -6725 2607 512 359 3795 -14536 
-8872 -9280 -3340 9451 5528 -906 -11163 15796 -14721 
9045 9794 4260 7510 12399 3279 2040 12320 6276 
-12623 14231 2778 4155 -12 -950 -13982 14165 -3450 
13483 2301 16086 -293 -5784 -11225 1506 -7019 -13880 
-5500 -11338 -13863 10868 4618 -8793 -5448 2335 -11385 
-14982 4353 2338 5192 -8422 8712 -6876 13876 1285 
-9521 -1505 6641 -618 -2599 -5492 8807 15635 4993 
3 max: 16086, 6 2

0 max: 15112, 1 11
1 max: 16357, 6 8
2 max: 16300, 2 4
3 max: 16086, 6 2
Non-SPMD check:
0 max: 15112, 1 11
1 max: 16357, 6 8
2 max: 16300, 2 4
3 max: 16086, 6 2

Int array abs 3:
0: Size 2x8
10497 4402 -5828 -7008 1657 -14844 -9121 8081 
-8704 6732 13065 8012 1028 -13181 11322 -4668 
0 max: 14844, 0 5

1: Size 3x16
-4130 10145 8288 -1752 -8397 12382 8669 16174 -10933 7716 -16308 -2317 -2540 -8465 -10054 8596 
11194 6909 13940 8814 -2390 1227 -7418 3870 15762 10517 -2498 -127 7518 16088 -6615 -8780 
14651 -2222 -10477 13844 2710 -12801 -5237 1854 12573 -10083 5212 4623 -15685 5929 -8044 10660 
1 max: 16308, 0 10

2: Size 14x4
-13090 -5940 -7113 -2743 
11454 -14660 -5230 -11875 
-1871 6851 -11192 16336 
9975 -12510 15513 -11742 
-4655 3608 710 -9516 
-15490 -15899 -15090 -5084 
-8642 5322 -7759 -10156 
13394 -3834 -2321 12708 
-1032 217 -7415 -13742 
11122 11907 -15299 13472 
-1793 9285 -1842 -15667 
-9504 -13219 7929 1817 
1876 -12019 5376 -11324 
-2918 7317 -1759 15119 
2 max: 16336, 2 3

3: Size 4x11
4938 14617 -8931 -7449 -2135 -6071 7604 13173 -9082 2661 2667 
-12981 -13511 -435 6525 10398 10873 4386 7301 -15550 7611 1898 
8210 -6125 -1940 10101 -3159 -7756 206 2376 -13980 -11158 10232 
10464 -12056 -3911 -10737 1546 -8390 8696 -11523 11309 4020 12628 
3 max: 15550, 1 8

0 max: 14844, 0 5
1 max: 16308, 0 10
2 max: 16336, 2 3
3 max: 15550, 1 8
Non-SPMD check:
0 max: 14844, 0 5
1 max: 16308, 0 10
2 max: 16336, 2 3
3 max: 15550, 1 8

Int array abs 4:
0: Size 5x1
-3045 
2300 
-1363 
1392 
9605 
0 max: 9605, 4 0

1: Size 3x10
3924 -14686 -14040 4353 -15453 -3895 15793 -12152 4131 3055 
5164 15340 11747 6129 -16241 -5699 -8133 2812 3800 -9599 
-10353 3990 -15597 1962 14552 -287 -15862 -8695 10682 10003 
1 max: 16241, 1 4

2: Size 2x3
10410 1834 9750 
-3143 3954 -1128 
2 max: 10410, 0 0

3: Size 6x9
7121 -428 15714 9250 3521 15371 -968 3592 274 
-15898 270 -14917 -13065 15123 13887 3928 -4863 11509 
5352 -4310 15402 -298 14500 -14298 5599 853 -12185 
14873 4584 -12817 2815 15282 -13569 -13045 12866 12455 
5816 -3447 -6070 690 14719 -10230 12830 6922 -11531 
-12282 -9652 14460 14128 -6326 -14200 600 7917 -878 
3 max: 15898, 1 0

0 max: 9605, 4 0
1 max: 16241, 1 4
2 max: 10410, 0 0
3 max: 15898, 1 0
Non-SPMD check:
0 max: 9605, 4 0
1 max: 16241, 1 4
2 max: 10410, 0 0
3 max: 15898, 1 0

Int sort:
194 310 1031 1216 1249 1435 1436 1598 1825 1983 2094 2178 2210 2314 2907 3059 3152 3866 4351 4460 4482 4737 4741 5347 5440 5517 5629 5947 5997 6317 6401 6672 6724 6725 6934 7121 7436 7466 8186 8291 8372 8973 9040 9117 9208 9652 9945 10285 11254 11318 11566 11640 11961 12509 12515 12543 13079 13237 14237 14426 14570 14857 15225 15612 15921 15961 16333 16513 16712 16721 16972 18121 18540 18888 18972 19031 19207 19563 19793 19989 20187 20396 20649 20711 23286 23323 24064 24076 24524 24782 25603 25857 26027 26397 26688 27279 27714 28615 28775 28980 30072 30373 30481 30708 31153 31521 32319 32351 32566 32760 
527 648 1002 1004 1244 1376 1679 1765 1971 1989 2217 2666 2776 3099 3422 4240 4304 4484 4780 4886 5124 5415 5492 5493 5662 6761 7072 7087 7133 7434 7628 8834 9295 9329 9577 10254 10524 11007 11529 11605 11875 11902 12090 12637 12771 13018 13455 13659 14801 14870 15274 15282 15507 15810 16304 16661 18422 18871 18907 18999 19142 19453 19904 19984 20036 20237 20344 20347 20443 20999 21167 21763 22030 22045 22229 22286 22442 23059 23060 23447 23830 23988 24423 24447 24698 24851 24929 25069 25089 25402 25907 26096 26880 27644 27809 27902 28028 28035 28508 28945 29342 29782 29816 29982 30141 30349 30811 31081 31753 31756 
1099 1305 1336 1580 1702 1718 2151 2388 2779 2828 2993 3232 3283 3287 3667 4243 4339 4385 4862 5187 5433 5637 5639 5778 6072 6456 6470 6508 6955 7851 9044 9139 9140 9540 10205 10542 10621 10678 10706 10748 10961 10997 11409 11535 11757 11867 11953 11988 12315 12449 13026 13432 13781 13837 13866 14099 14203 14548 14581 14636 14877 15382 15616 16594 16704 16847 17112 17251 17391 17537 17567 17569 17635 17735 17995 18110 18671 18834 19867 19941 21223 21547 21621 21926 22275 22390 22755 23471 23796 23834 23863 23896 24088 24092 24333 24355 25286 25497 25511 25964 26201 26416 26839 28924 29043 29379 31301 31417 32251 32505 
299 347 411 1407 2487 2712 3181 3577 3768 3908 4195 4561 4746 5091 5254 5282 5593 5888 6120 6782 6831 6958 7219 7696 7808 8238 8348 8484 8794 9045 9960 10602 10633 10678 11271 11420 12136 12245 12420 12442 12484 12738 12766 12929 12990 13082 13216 13273 14768 14777 14836 14964 15133 15177 15489 15646 16241 16730 16732 16867 17090 17364 17688 17730 18218 18381 18586 18661 18751 18862 18993 19139 19374 19483 19574 20110 20272 20320 20449 20606 20736 20767 20841 20859 20905 22531 22551 23209 23414 24064 24504 24696 25262 25449 25793 25981 26085 26103 27755 27915 28280 28381 28727 29440 29531 30562 30815 31812 32578 32710 
approx math:
0.125000 2.000000 3.000000 4.500000 
exp2_est:
1.090508 4.000000 8.000000 22.627419 
exp_est:
1.133148 7.389055 20.085533 90.017120 
log2_est:
-3.000000 1.000000 1.584963 2.169925 
-2.079442 0.693147 1.098612 1.504077 
0.771106 4.000000 27.000010 869.874084 
0.124675 0.909298 0.141120 -0.977530 
0.992198 -0.416147 -0.989992 -0.210796 
0.125655 -2.185040 -0.142547 4.637325 
1.107151 1.107151 1.107151 1.107151 
epi8/epu8:
0x0 0x3 0x6 0x9 0xC 0xF 0x12 0x15 0x18 0x1B 0x1E 0x21 0x24 0x27 0x2A 0x2D 
0x0 0xFE 0xFC 0xFA 0xF8 0xF6 0xF4 0xF2 0xF0 0xEE 0xEC 0xEA 0xE8 0xE6 0xE4 0xE2 
0x0 0x3 0x6 0x9 0xC 0xF 0x12 0x15 0x18 0x1B 0x1E 0x21 0x24 0x27 0x2A 0x2D 
0x7F 0x7F 0x7F 0x7F 0x7F 0x7F 0x7F 0x7F 0x7F 0x7F 0x7F 0x7F 0x7F 0x7F 0x7F 0x7F 
0x80 0x81 0x82 0x83 0x84 0x85 0x86 0x87 0x88 0x89 0x8A 0x8B 0x8C 0x8D 0x8E 0x8F 
0x80 0x80 0x80 0x80 0x80 0x80 0x80 0x80 0x80 0x80 0x80 0x80 0x80 0x80 0x80 0x80 
0x7F 0x7F 0x7F 0x7F 0x7F 0x7F 0x7F 0x7F 0x7F 0x7F 0x7F 0x7F 0x7F 0x7F 0x7F 0x7F 
0x7F 0x7F 0x7F 0x7F 0x7F 0x7F 0x7F 0x7F 0x7F 0x7F 0x7F 0x7F 0x7F 0x7F 0x7F 0x7F 
0x0 0xFF 0xFE 0xFD 0xFC 0xFB 0xFA 0xF9 0xF8 0xF7 0xF6 0xF5 0xF4 0xF3 0xF2 0xF1 
0x0 0x4 0x8 0xC 0x10 0x14 0x18 0x1C 0x20 0x24 0x28 0x2C 0x30 0x34 0x38 0x3C 
0x0 0xFF 0xFE 0xFD 0xFC 0xFB 0xFA 0xF9 0xF8 0xF7 0xF6 0xF5 0xF4 0xF3 0xF2 0xF1 
0x81 0x82 0x83 0x84 0x85 0x86 0x87 0x88 0x89 0x8A 0x8B 0x8C 0x8D 0x8E 0x8F 0x90 
0x7F 0x7F 0x7F 0x7F 0x7F 0x7F 0x7F 0x7F 0x7F 0x7F 0x7F 0x7F 0x7F 0x7F 0x7F 0x7F 
0x0 0x0 0x0 0x0 0x0 0x0 0x0 0x0 0x0 0x0 0x0 0x0 0x0 0x0 0x0 0x0 
0x0 0x0 0x0 0x0 0x0 0x0 0x0 0x0 0x0 0x0 0x0 0x0 0x0 0x0 0x0 0x0 
0x81 0x82 0x83 0x84 0x85 0x86 0x87 0x88 0x89 0x8A 0x8B 0x8C 0x8D 0x8E 0x8F 0x90 
0x0 0x3 0x6 0x9 0xC 0xF 0x12 0x15 0x18 0x1B 0x1E 0x21 0x24 0x27 0x2A 0x2D 
0x7F 0x80 0x81 0x82 0x83 0x84 0x85 0x86 0x87 0x88 0x89 0x8A 0x8B 0x8C 0x8D 0x8E 
0x80 0x81 0x82 0x83 0x84 0x85 0x86 0x87 0x88 0x89 0x8A 0x8B 0x8C 0x8D 0x8E 0x8F 
0xFF 0xFF 0xFF 0xFF 0xFF 0xFF 0xFF 0xFF 0xFF 0xFF 0xFF 0xFF 0xFF 0xFF 0xFF 0xFF 
0xFE 0xFE 0xFE 0xFE 0xFE 0xFE 0xFE 0xFE 0xFE 0xFE 0xFE 0xFE 0xFE 0xFE 0xFE 0xFE 
0x7F 0x80 0x81 0x82 0x83 0x84 0x85 0x86 0x87 0x88 0x89 0x8A 0x8B 0x8C 0x8D 0x8E 
0x0 0x0 0x0 0x0 0x0 0x0 0x0 0x0 0x0 0x0 0x0 0x0 0x0 0x0 0x0 0x0 
0x0 0x0 0x0 0x0 0x0 0x0 0x0 0x0 0x0 0x0 0x0 0x0 0x0 0x0 0x0 0x0 
0x0 0x0 0x0 0x0 0x0 0x0 0x0 0x0 0x0 0x0 0x0 0x0 0x0 0x0 0x0 0x0 
0x0 0x0 0x0 0x0 0x0 0x0 0x0 0x0 0x0 0x0 0x0 0x0 0x0 0x0 0x0 0x0 
0x0 0x0 0x0 0x0 0x0 0x0 0x0 0x0 0x0 0x0 0x0 0x0 0x0 0x0 0x0 0x0 
0x0 0x0 0x0 0x0 0x0 0x0 0x0 0x0 0x0 0x0 0x0 0x0 0x0 0x0 0x0 0x0 
0x0 0x2 0x3 0x5 0x6 0x8 0x9 0xB 0xC 0xE 0xF 0x11 0x12 0x14 0x15 0x17 
0x40 0x40 0x41 0x41 0x42 0x42 0x43 0x43 0x44 0x44 0x45 0x45 0x46 0x46 0x47 0x47 
0x40 0x41 0x41 0x42 0x42 0x43 0x43 0x44 0x44 0x45 0x45 0x46 0x46 0x47 0x47 0x48 
0x80 0x80 0x80 0x80 0x80 0x80 0x80 0x80 0x80 0x80 0x80 0x80 0x80 0x80 0x80 0x80 
0x7F 0x7F 0x7F 0x7F 0x7F 0x7F 0x7F 0x7F 0x7F 0x7F 0x7F 0x7F 0x7F 0x7F 0x7F 0x7F 
0x40 0x40 0x41 0x41 0x42 0x42 0x43 0x43 0x44 0x44 0x45 0x45 0x46 0x46 0x47 0x47 
0x0 0x2 0x4 0x6 0x8 0xA 0xC 0xE 0x10 0x12 0x14 0x16 0x18 0x1A 0x1C 0x1E 
0x7F 0x7F 0x7F 0x7F 0x7F 0x7F 0x7F 0x7F 0x7F 0x7F 0x7F 0x7F 0x7F 0x7F 0x7F 0x7F 
0x80 0x80 0x80 0x80 0x80 0x80 0x80 0x80 0x80 0x80 0x80 0x80 0x80 0x80 0x80 0x80 
0x80 0x80 0x80 0x80 0x80 0x80 0x80 0x80 0x80 0x80 0x80 0x80 0x80 0x80 0x80 0x80 
0x7F 0x7F 0x7F 0x7F 0x7F 0x7F 0x7F 0x7F 0x7F 0x7F 0x7F 0x7F 0x7F 0x7F 0x7F 0x7F 
0x7F 0x7F 0x7F 0x7F 0x7F 0x7F 0x7F 0x7F 0x7F 0x7F 0x7F 0x7F 0x7F 0x7F 0x7F 0x7F 
0x0 0x1 0x2 0x3 0x4 0x5 0x6 0x7 0x8 0x9 0xA 0xB 0xC 0xD 0xE 0xF 
0x0 0x1 0x2 0x3 0x4 0x5 0x6 0x7 0x8 0x9 0xA 0xB 0xC 0xD 0xE 0xF 
0x0 0x1 0x2 0x3 0x4 0x5 0x6 0x7 0x8 0x9 0xA 0xB 0xC 0xD 0xE 0xF 
0x80 0x80 0x80 0x80 0x80 0x80 0x80 0x80 0x80 0x80 0x80 0x80 0x80 0x80 0x80 0x80 
0x7F 0x7F 0x7F 0x7F 0x7F 0x7F 0x7F 0x7F 0x7F 0x7F 0x7F 0x7F 0x7F 0x7F 0x7F 0x7F 
0x0 0x1 0x2 0x3 0x4 0x5 0x6 0x7 0x8 0x9 0xA 0xB 0xC 0xD 0xE 0xF 
0xFF 0x0 0x0 0x0 0x0 0x0 0x0 0x0 0x0 0x0 0x0 0x0 0x0 0x0 0x0 0x0 
0xFF 0xFF 0xFF 0xFF 0xFF 0xFF 0xFF 0xFF 0xFF 0xFF 0xFF 0xFF 0xFF 0xFF 0xFF 0xFF 
0x0 0x0 0x0 0x0 0x0 0x0 0x0 0x0 0x0 0x0 0x0 0x0 0x0 0x0 0x0 0x0 
0x0 0x0 0x0 0x0 0x0 0x0 0x0 0x0 0x0 0x0 0x0 0x0 0x0 0x0 0x0 0x0 
0xFF 0xFF 0xFF 0xFF 0xFF 0xFF 0xFF 0xFF 0xFF 0xFF 0xFF 0xFF 0xFF 0xFF 0xFF 0xFF 
0xFF 0xFF 0xFF 0xFF 0xFF 0xFF 0xFF 0xFF 0xFF 0xFF 0xFF 0xFF 0xFF 0xFF 0xFF 0xFF 
0x0 0x0 0x0 0x0 0x0 0x0 0x0 0x0 0x0 0x0 0x0 0x0 0x0 0x0 0x0 0x0 
0x0 0xFF 0xFF 0xFF 0xFF 0xFF 0xFF 0xFF 0xFF 0xFF 0xFF 0xFF 0xFF 0xFF 0xFF 0xFF 
0x0 0x0 0x0 0x0 0x0 0x0 0x0 0x0 0x0 0x0 0x0 0x0 0x0 0x0 0x0 0x0 
0xFF 0xFF 0xFF 0xFF 0xFF 0xFF 0xFF 0xFF 0xFF 0xFF 0xFF 0xFF 0xFF 0xFF 0xFF 0xFF 
0x0 0x0 0x0 0x0 0x0 0x0 0x0 0x0 0x0 0x0 0x0 0x0 0x0 0x0 0x0 0x0 
0x0 0x0 0x0 0x0 0x0 0x0 0x0 0x0 0x0 0x0 0x0 0x0 0x0 0x0 0x0 0x0 
0x0 0x0 0x0 0x0 0x0 0x0 0x0 0x0 0x0 0x0 0x0 0x0 0x0 0x0 0x0 0x0 
0xFF 0xFF 0xFF 0xFF 0xFF 0xFF 0xFF 0xFF 0xFF 0xFF 0xFF 0xFF 0xFF 0xFF 0xFF 0xFF 
0x0 0x0 0x0 0x0 0x0 0x0 0x0 0x0 0x0 0x0 0x0 0x0 0x0 0x0 0x0 0x0 
0x0 0x0 0x0 0x0 0x0 0x0 0x0 0x0 0x0 0x0 0x0 0x0 0x0 0x0 0x0 0x0 
0x0 0x0 0x0 0x0 0x0 0x0 0x0 0x0 0x0 0x0 0x0 0x0 0x0 0x0 0x0 0x0 
0xFF 0xFF 0xFF 0xFF 0xFF 0xFF 0xFF 0xFF 0xFF 0xFF 0xFF 0xFF 0xFF 0xFF 0xFF 0xFF 
0x0 0x0 0x0 0x0 0x0 0x0 0x0 0x0 0x0 0x0 0x0 0x0 0x0 0x0 0x0 0x0 
0x0 0x0 0x0 0x0 0x0 0x0 0x0 0x0 0x0 0x0 0x0 0x0 0x0 0x0 0x0 0x0 
0x0 0x0 0x0 0x0 0x0 0x0 0x0 0x0 0x0 0x0 0x0 0x0 0x0 0x0 0x0 0x0 
0x1C 0x0 0x0 0x0 0x0 0x0 0x0 0x0 0x5C 0x0 0x0 0x0 0x0 0x0 0x0 0x0 
0x0 0x0 0x0 0x0 0x0 0x0 0x0 0x0 0x0 0x0 0x0 0x0 0x0 0x0 0x0 0x0 
0xDC 0x3 0x0 0x0 0x0 0x0 0x0 0x0 0x9C 0x3 0x0 0x0 0x0 0x0 0x0 0x0 
0xE4 0x3 0x0 0x0 0x0 0x0 0x0 0x0 0xA4 0x3 0x0 0x0 0x0 0x0 0x0 0x0 
0x0 0x0 0x0 0x0 0x0 0x0 0x0 0x0 0x0 0x0 0x0 0x0 0x0 0x0 0x0 0x0 
0x0 0x0 0x0 0x0 0x0 0x0 0x0 0x0 0x0 0x0 0x0 0x0 0x0 0x0 0x0 0x0 
0xDC 0x3 0x0 0x0 0x0 0x0 0x0 0x0 0x9C 0x3 0x0 0x0 0x0 0x0 0x0 0x0 
0x0 0x0 0x1 0x2 0x2 0x4 0x3 0x6 0x4 0x8 0x5 0xA 0x6 0xC 0x7 0xE 
0x0 0x0 0x2 0x2 0x4 0x4 0x6 0x6 0x8 0x8 0xA 0xA 0xC 0xC 0xE 0xE 
0x0 0x7F 0x1 0x7F 0x2 0x7F 0x3 0x7F 0x4 0x7F 0x5 0x7F 0x6 0x7F 0x7 0x7F 
0x0 0x80 0x1 0x80 0x2 0x80 0x3 0x80 0x4 0x80 0x5 0x80 0x6 0x80 0x7 0x80 
0x80 0x80 0x80 0x80 0x80 0x80 0x80 0x80 0x80 0x80 0x80 0x80 0x80 0x80 0x80 0x80 
0x7F 0x7F 0x7F 0x7F 0x7F 0x7F 0x7F 0x7F 0x7F 0x7F 0x7F 0x7F 0x7F 0x7F 0x7F 0x7F 
0x0 0x7F 0x1 0x7F 0x2 0x7F 0x3 0x7F 0x4 0x7F 0x5 0x7F 0x6 0x7F 0x7 0x7F 
0x8 0x10 0x9 0x12 0xA 0x14 0xB 0x16 0xC 0x18 0xD 0x1A 0xE 0x1C 0xF 0x1E 
0x10 0x10 0x12 0x12 0x14 0x14 0x16 0x16 0x18 0x18 0x1A 0x1A 0x1C 0x1C 0x1E 0x1E 
0x8 0x7F 0x9 0x7F 0xA 0x7F 0xB 0x7F 0xC 0x7F 0xD 0x7F 0xE 0x7F 0xF 0x7F 
0x8 0x80 0x9 0x80 0xA 0x80 0xB 0x80 0xC 0x80 0xD 0x80 0xE 0x80 0xF 0x80 
0x80 0x80 0x80 0x80 0x80 0x80 0x80 0x80 0x80 0x80 0x80 0x80 0x80 0x80 0x80 0x80 
0x7F 0x7F 0x7F 0x7F 0x7F 0x7F 0x7F 0x7F 0x7F 0x7F 0x7F 0x7F 0x7F 0x7F 0x7F 0x7F 
0x8 0x7F 0x9 0x7F 0xA 0x7F 0xB 0x7F 0xC 0x7F 0xD 0x7F 0xE 0x7F 0xF 0x7F 
0x8 0x10 0x9 0x12 0xA 0x14 0xB 0x16 0xC 0x18 0xD 0x1A 0xE 0x1C 0xF 0x1E 
0x10 0x10 0x12 0x12 0x14 0x14 0x16 0x16 0x18 0x18 0x1A 0x1A 0x1C 0x1C 0x1E 0x1E 
0x8 0x7F 0x9 0x7F 0xA 0x7F 0xB 0x7F 0xC 0x7F 0xD 0x7F 0xE 0x7F 0xF 0x7F 
0x8 0x80 0x9 0x80 0xA 0x80 0xB 0x80 0xC 0x80 0xD 0x80 0xE 0x80 0xF 0x80 
0x80 0x80 0x80 0x80 0x80 0x80 0x80 0x80 0x80 0x80 0x80 0x80 0x80 0x80 0x80 0x80 
0x7F 0x7F 0x7F 0x7F 0x7F 0x7F 0x7F 0x7F 0x7F 0x7F 0x7F 0x7F 0x7F 0x7F 0x7F 0x7F 
0x8 0x7F 0x9 0x7F 0xA 0x7F 0xB 0x7F 0xC 0x7F 0xD 0x7F 0xE 0x7F 0xF 0x7F 
0
0
65534
65534
0
65535
65535
0
0
15
15
0
15
15
0xFF 0xFF 0xFF 0xFF 0xFF 0xFF 0xFF 0xFF 0xFF 0xFF 0xFF 0xFF 0xFF 0xFF 0xFF 0xFF 
0xFF 0xFF 0xFF 0xFF 0xFF 0xFF 0xFF 0xFF 0xFF 0xFF 0xFF 0xFF 0xFF 0xFF 0xFF 0xFF 
0xFF 0xFF 0xFF 0xFF 0xFF 0xFF 0xFF 0xFF 0xFF 0xFF 0xFF 0xFF 0xFF 0xFF 0xFF 0xFF 
0xFF 0xFF 0xFF 0xFF 0xFF 0xFF 0xFF 0xFF 0xFF 0xFF 0xFF 0xFF 0xFF 0xFF 0xFF 0xFF 
0xFF 0xFF 0xFF 0xFF 0xFF 0xFF 0xFF 0xFF 0xFF 0xFF 0xFF 0xFF 0xFF 0xFF 0xFF 0xFF 
0xFF 0xFF 0xFF 0xFF 0xFF 0xFF 0xFF 0xFF 0xFF 0xFF 0xFF 0xFF 0xFF 0xFF 0xFF 0xFF 
0xFF 0xFF 0xFF 0xFF 0xFF 0xFF 0xFF 0xFF 0xFF 0xFF 0xFF 0xFF 0xFF 0xFF 0xFF 0xFF 
0xFF 0x0 0x0 0x0 0x0 0x0 0x0 0x0 0x0 0x0 0x0 0x0 0x0 0x0 0x0 0x0 
0xFF 0xFF 0xFF 0xFF 0xFF 0xFF 0xFF 0xFF 0xFF 0xFF 0xFF 0xFF 0xFF 0xFF 0xFF 0xFF 
0x0 0x0 0x0 0x0 0x0 0x0 0x0 0x0 0x0 0x0 0x0 0x0 0x0 0x0 0x0 0x0 
0x0 0x0 0x0 0x0 0x0 0x0 0x0 0x0 0x0 0x0 0x0 0x0 0x0 0x0 0x0 0x0 
0xFF 0xFF 0xFF 0xFF 0xFF 0xFF 0xFF 0xFF 0xFF 0xFF 0xFF 0xFF 0xFF 0xFF 0xFF 0xFF 
0xFF 0xFF 0xFF 0xFF 0xFF 0xFF 0xFF 0xFF 0xFF 0xFF 0xFF 0xFF 0xFF 0xFF 0xFF 0xFF 
0x0 0x0 0x0 0x0 0x0 0x0 0x0 0x0 0x0 0x0 0x0 0x0 0x0 0x0 0x0 0x0 
0x0 0x0 0x0 0x0 0x0 0x0 0x0 0x0 0x0 0x0 0x0 0x0 0x0 0x0 0x0 0x0 
0x0 0x0 0x0 0x0 0x0 0x0 0x0 0x0 0x0 0x0 0x0 0x0 0x0 0x0 0x0 0x0 
0x0 0x0 0x0 0x0 0x0 0x0 0x0 0x0 0x0 0x0 0x0 0x0 0x0 0x0 0x0 0x0 
0x0 0x0 0x0 0x0 0x0 0x0 0x0 0x0 0x0 0x0 0x0 0x0 0x0 0x0 0x0 0x0 
0x0 0x0 0x0 0x0 0x0 0x0 0x0 0x0 0x0 0x0 0x0 0x0 0x0 0x0 0x0 0x0 
0x0 0x0 0x0 0x0 0x0 0x0 0x0 0x0 0x0 0x0 0x0 0x0 0x0 0x0 0x0 0x0 
0x0 0x0 0x0 0x0 0x0 0x0 0x0 0x0 0x0 0x0 0x0 0x0 0x0 0x0 0x0 0x0 
0x0 0xFF 0xFF 0xFF 0xFF 0xFF 0xFF 0xFF 0xFF 0xFF 0xFF 0xFF 0xFF 0xFF 0xFF 0xFF 
0x0 0x0 0x0 0x0 0x0 0x0 0x0 0x0 0x0 0x0 0x0 0x0 0x0 0x0 0x0 0x0 
0xFF 0xFF 0xFF 0xFF 0xFF 0xFF 0xFF 0xFF 0xFF 0xFF 0xFF 0xFF 0xFF 0xFF 0xFF 0xFF 
0xFF 0xFF 0xFF 0xFF 0xFF 0xFF 0xFF 0xFF 0xFF 0xFF 0xFF 0xFF 0xFF 0xFF 0xFF 0xFF 
0x0 0x0 0x0 0x0 0x0 0x0 0x0 0x0 0x0 0x0 0x0 0x0 0x0 0x0 0x0 0x0 
0x0 0x0 0x0 0x0 0x0 0x0 0x0 0x0 0x0 0x0 0x0 0x0 0x0 0x0 0x0 0x0 
0xFF 0xFF 0xFF 0xFF 0xFF 0xFF 0xFF 0xFF 0xFF 0xFF 0xFF 0xFF 0xFF 0xFF 0xFF 0xFF 
0x0 0x1 0x2 0x3 0x4 0x5 0x6 0x7 0x8 0x9 0xA 0xB 0xC 0xD 0xE 0xF 
0x0 0x0 0x0 0x0 0x0 0x0 0x0 0x0 0x0 0x0 0x0 0x0 0x0 0x0 0x0 0x0 
0x7F 0x7E 0x7D 0x7C 0x7B 0x7A 0x79 0x78 0x77 0x76 0x75 0x74 0x73 0x72 0x71 0x70 
0x80 0x7F 0x7E 0x7D 0x7C 0x7B 0x7A 0x79 0x78 0x77 0x76 0x75 0x74 0x73 0x72 0x71 
0x0 0x0 0x0 0x0 0x0 0x0 0x0 0x0 0x0 0x0 0x0 0x0 0x0 0x0 0x0 0x0 
0x0 0x0 0x0 0x0 0x0 0x0 0x0 0x0 0x0 0x0 0x0 0x0 0x0 0x0 0x0 0x0 
0x7F 0x7E 0x7D 0x7C 0x7B 0x7A 0x79 0x78 0x77 0x76 0x75 0x74 0x73 0x72 0x71 0x70 
lane shuffles:
3 2 1 0 
0 1 3 2 
2 1 3 0 
65536 0 2 3 
0 65536 2 3 
1 0 2 3 
0 1 196608 131072 
0 1 2 196608 
0 1 3 131072 
lane unpack:
0 0 1 0 
256 0 257 0 
1 0 257 0 
0 0 1 0 
65536 0 65537 0 
1 0 65537 0 
0 0 1 0 
0 1 1 1 
1 0 1 1 
0 1 0 0 
0 1 1 1 
1 1 0 1 
514 0 1027 0 
1538 0 -16715261 -16711936 
518 0 16712690 16711935 
131074 0 262147 0 
393218 0 -917501 -65536 
131078 0 262130 65535 
2 2 3 4 
2 6 3 -14 
6 2 -14 3 
2 3 2 4 
2 3 6 -14 
6 -14 2 3 
set1:
0xDEDEDEDE 0xDEDEDEDE 0xDEDEDEDE 0xDEDEDEDE 
0xDEADDEAD 0xDEADDEAD 0xDEADDEAD 0xDEADDEAD 
0xDEADBEEF 0xDEADBEEF 0xDEADBEEF 0xDEADBEEF 
0xCCCCCCCC 0xDEADBEEF 0xCCCCCCCC 0xDEADBEEF 
lane shift:
0x0 0x1 0x2 0x3 
0x0 0x100 0x200 0x300 
0x0 0x0 0x1 0x2 
0x0 0x0 0x0 0x0 
0x0 0x0 0x0 0x0 
0x0 0x1 0x2 0x3 
0x1000000 0x2000000 0x3000000 0x0 
0x1 0x2 0x3 0x0 
0x3 0x0 0x0 0x0 
0x0 0x0 0x0 0x0 
epi16/epu16:
0 0 1 0 4 0 7 0 
32767 32768 32000 16 2 62536 9 100 
65534 0 64000 32 0 59536 10 200 
0 0 1 0 4 0 7 0 
32767 32768 32000 16 2 62536 9 100 
32767 32768 32767 32 0 59536 10 200 
0 0 1 0 4 0 7 0 
32767 32768 32000 16 2 62536 9 100 
65534 65535 64000 32 0 65535 10 200 
0 0 1 0 0 0 65535 0 
32769 32768 33536 65520 2 3000 65535 65436 
0 0 0 0 0 0 0 0 
0 0 1 0 0 0 65535 0 
32769 32767 33536 65520 2 3000 65535 65436 
0 0 0 0 0 0 0 0 
0 0 1 0 0 0 0 0 
0 0 0 0 2 0 0 0 
0 0 0 0 0 0 0 0 
0 0 1 0 2 0 4 0 
16384 16384 16000 8 1 31268 5 50 
32767 32768 32000 16 0 62536 5 100 
0 0 0 0 4 0 12 0 
0 0 0 0 0 0 20 0 
1 0 0 256 0 21568 25 10000 
0 0 0 0 0 0 0 0 
0 0 0 0 0 0 0 0 
16383 16384 15625 0 0 137 0 0 
0 0 0 0 0 0 0 0 
0 0 0 0 0 0 0 0 
16383 16384 15625 0 0 59673 0 0 
0 0 0 0 2 0 3 0 
0 32768 0 0 0 62536 4 0 
32767 32768 32000 16 0 62536 5 100 
0 0 1 0 2 0 4 0 
32767 0 32000 16 2 0 5 100 
32767 32768 32000 16 0 62536 5 100 
0 0 0 0 4 0 12 0 
0 0 0 0 0 0 20 0 
1 32767 256 15625 21568 137 10025 0 
0 1 2 3 0 0 2 4 
0 0 2 4 32895 4223 32768 25605 
32895 4223 32768 25605 32895 4223 32768 25605 
0 1 2 3 0 0 2 4 
0 0 2 4 255 4351 0 25605 
255 4351 0 25605 255 4351 0 25605 
compare epi16:
65535 65535 0 65535 65535 65535 0 65535 
0 0 0 0 0 0 0 0 
65535 65535 65535 65535 65535 65535 65535 65535 
0 0 65535 0 0 0 0 0 
0 65535 0 0 65535 65535 0 0 
0 0 0 0 0 0 0 0 
0 0 0 0 0 0 65535 0 
65535 0 65535 65535 0 0 65535 65535 
0 0 0 0 0 0 0 0 
shift epi16:
0 0 1 0 2 0 3 0 
0 0 0 0 0 0 0 0 
0 0 0 0 0 0 0 0 
0 0 4 0 8 0 12 0 
0 0 0 0 64 0 128 0 
65280 0 0 4096 0 18432 1280 25600 
0 0 0 0 0 0 0 0 
0 0 0 0 0 0 0 0 
127 128 125 0 0 244 0 0 
0 0 0 0 0 0 0 0 
0 0 0 0 0 0 0 0 
127 65408 125 0 0 65524 0 0 
0 0 0 0 0 0 0 0 
0 0 0 0 0 0 0 0 
127 65408 125 0 0 65524 0 0 
0 0 0 0 0 0 0 0 
0 0 0 0 0 0 0 0 
127 128 125 0 0 244 0 0 
blendv:
0 1 2 4 
1 1 6 -14 
1 1 6 -14 
0 1 2 4 
1 1 6 -14 
1 1 6 -14 
a=0 1 2 3 
active lanes before SIF: 0 1 2 3 
SPMD_SIF:
active lanes inside SIF: 1 2 3 
SPMD_SSELECT:
case 1 active lanes: 1 
case 3 active lanes: 3 
default active lanes: 2 
SPMD_SSELECT:
case 3 active lanes: 0 1 2 3 
SPMD_SASELECT:
SPMD_SIF:
active lanes inside SIF: 1 2 3 
case 3 active lanes: 3 
case 0 active lanes: 
case 1 active lanes: 1 
case 99 active lanes: 
default active lanes: 2 
SPMD_FOREACH 0-8:
0 1 2 3 
active lanes: 0 1 2 3 
4 5 6 7 
active lanes: 0 1 2 3 
SPMD_FOREACH 0-3:
0 1 2 3 
active lanes: 0 1 2 
SPMD_FOREACH 0-1:
0 1 2 3 
active lanes: 0 
SPMD_FOREACH 0-17:
0 1 2 3 
active lanes: 0 1 2 3 
4 5 6 7 
active lanes: 0 1 2 3 
8 9 10 11 
active lanes: 0 1 2 3 
12 13 14 15 
active lanes: 0 1 2 3 
16 17 18 19 
active lanes: 0 
SPMD_FOREACH 0-9:
0 1 2 3 
active lanes: 0 1 2 3 
4 5 6 7 
active lanes: 0 1 2 3 
8 9 10 11 
active lanes: 0 
SPMD_FOREACH 5-7:
5 6 7 8 
active lanes: 0 1 
SPMD_FOREACH 17-0 with spmd_break():
0 1 2 3 
active lanes: 0 1 2 3 
Nested outer SPMD_FOREACH 0-7:
0 1 2 3 
outer active lanes: 0 1 2 3 
Inner SPMD_FOREACH 5-16:
5 6 7 8 
inner active lanes: 0 1 2 3 
9 10 11 12 
inner active lanes: 0 1 2 3 
13 14 15 16 
inner active lanes: 0 1 2 
4 5 6 7 
outer active lanes: 0 1 2 
Inner SPMD_FOREACH 5-16:
5 6 7 8 
inner active lanes: 0 1 2 
9 10 11 12 
inner active lanes: 0 1 2 
13 14 15 16 
inner active lanes: 0 1 2 
