avx1_alt:
int math:
0 1 2 3 4 5 6 7 
0 -1 -2 -3 -4 -5 -6 -7 
0 1 4 7 11 7 6 107 
0 1 0 -1 -3 3 6 -93 
0 1 0 0 0 2 1 0 
0 1 12 -42 -400 10 30 700 
0 2 4 6 8 10 12 14 
0 2 4 6 8 10 12 14 
2 3 4 5 6 7 8 9 
2 1 0 -1 -2 -3 -4 -5 
0 0 0 3 4 1 0 7 
0 1 0 1 0 1 0 1 
0 0 1 0 0 2 0 0 
0 0 1 1 2 2 3 3 
int logical:
0 0 2 0 4 0 0 4 
0 1 2 7 7 7 6 103 
0 1 0 7 3 7 6 99 
bool logical:
1 1 0 0 0 0 1 0 
1 0 0 0 0 0 0 0 
int comps 1:
1 1 1 1 1 1 1 1 
0 0 0 0 0 0 0 0 
0 0 0 0 0 0 0 0 
0 0 0 0 0 0 0 0 
1 1 1 1 1 1 1 1 
1 1 1 1 1 1 1 1 

int comps 2:
1 0 1 0 0 0 0 0 
0 1 0 1 1 1 1 1 
0 0 0 1 1 0 0 1 
0 1 0 0 0 1 1 0 
1 0 1 1 1 0 0 1 
1 1 1 0 0 1 1 0 

abs/floor/ceil/min/max:
100.500000 100.499901 100.500099 0.500000 0.500000 0.499900 1.500000 1.490000 
-101.000000 -101.000000 -101.000000 0.000000 -1.000000 0.000000 1.000000 1.000000 
-100.000000 -100.000000 -100.000000 1.000000 -0.000000 1.000000 2.000000 2.000000 
-100.500000 -100.499901 -100.500099 0.500000 -0.500000 -100.500000 -100.499901 -100.500099 
0.000000 -0.500000 0.499900 1.500000 1.490000 0.499900 1.500000 1.490000 
-nan(ind) -nan(ind) -nan(ind) 0.707107 -nan(ind) 0.707036 1.224745 1.220656 
-100.000000 -100.000000 -101.000000 0.000000 -0.000000 0.000000 2.000000 1.000000 
-100.000000 -100.000000 -100.000000 0.000000 -0.000000 0.000000 1.000000 1.000000 
0.000000 1.000000 2.000000 -14.000000 -100.000000 2.000000 5.000000 7.000000 
float math:
-0.000000 -0.000000 -0.000000 -0.000000 -0.000000 -0.000000 -0.000000 -0.000000 
0.000000 1.000000 2.000000 3.000000 4.000000 5.000000 6.000000 7.000000 
0.000000 -1.000000 -2.000000 -3.000000 -4.000000 -5.000000 -6.000000 -7.000000 
0.000000 1.000000 4.000000 7.000000 11.000000 7.000000 6.000000 107.000000 
0.000000 1.000000 0.000000 -1.000000 -3.000000 3.000000 6.000000 -93.000000 
0.000000 1.000000 0.333333 -0.214286 -0.040000 2.500000 1.200000 0.070000 
0.000000 1.000000 12.000000 -42.000000 -400.000000 10.000000 30.000000 700.000000 
0.000000 2.000000 4.000000 6.000000 8.000000 10.000000 12.000000 14.000000 
0.000000 2.000000 4.000000 6.000000 8.000000 10.000000 12.000000 14.000000 
2.000000 3.000000 4.000000 5.000000 6.000000 7.000000 8.000000 9.000000 
2.000000 1.000000 0.000000 -1.000000 -2.000000 -3.000000 -4.000000 -5.000000 

Casts:
0.000000 1.000000 2.000000 3.000000 4.000000 5.000000 6.000000 7.000000 
0 1 2 3 4 5 6 7 
-1 -1 -1 -1 -1 -1 -1 -1 
0 0 0 0 0 0 0 0 
1 1 1 1 1 1 1 1 
1 1 1 1 1 1 1 1 
-1 -1 -1 -1 -1 -1 -1 -1 
0 0 0 0 0 0 0 0 
1 1 1 1 1 1 1 1 
1 1 1 1 1 1 1 1 
float comps:
1 1 1 1 1 1 1 1 
0 0 0 0 0 0 0 0 
0 0 0 0 0 0 0 0 
0 0 0 0 0 0 0 0 
1 1 1 1 1 1 1 1 
1 1 1 1 1 1 1 1 

float comps:
1 0 1 0 0 0 0 0 
0 1 0 1 1 1 1 1 
0 0 0 1 1 0 0 1 
0 1 0 0 0 1 1 0 
1 0 1 1 1 0 0 1 
1 1 1 0 0 1 1 0 

SPMD_WHILE:
1 2 3 4 5 7 7 8 
2 3 4 5 7 8 8 9 
3 4 5 7 8 9 9 109 
4 5 7 8 9 109 109 109 
5 7 8 9 109 109 109 109 
7 8 9 109 109 109 109 109 
8 9 109 109 109 109 109 109 
9 109 109 109 109 109 109 109 
109 109 109 109 109 109 109 109 
SPMD_IF:
2 2 2 1 3 2 2 3 
SPMD_SIMPLE_IF:
2 2 2 1 3 2 2 3 

Shifts:
0 1 2 3 4 5 6 7 
0 2 4 6 8 10 12 14 
0 0 1 1 2 2 3 3 
0 0 1 1 2 2 3 3 
0 2 4 6 8 10 12 14 
0 0 1 1 2 2 3 3 
0 0 1 1 2 2 3 3 
Ternary:
0 1 2 3 4 5 6 7 
0 0 2 4 7 2 0 100 
1 1 6 -14 -100 2 5 100 
1 1 6 -14 7 2 0 100 
1.000000 1.000000 6.000000 -14.000000 7.000000 2.000000 0.000000 100.000000 
Stores:
0.000000 1.000000 2.000000 3.000000 4.000000 5.000000 6.000000 7.000000 
0.000000 1.000000 2.000000 3.000000 4.000000 5.000000 6.000000 7.000000 
0.000000 1.000000 2.000000 3.000000 4.000000 5.000000 6.000000 7.000000 
0.000000 1.000000 2.000000 3.000000 4.000000 5.000000 6.000000 7.000000 
0.000000 1.000000 2.000000 3.000000 4.000000 5.000000 6.000000 7.000000 
Masked stores:
0.000000 1.000000 2.000000 3.000000 4.000000 5.000000 6.000000 7.000000 
0.000000 1.000000 2.000000 3.000000 4.000000 5.000000 6.000000 7.000000 
-nan -nan -nan 3.000000 4.000000 5.000000 6.000000 7.000000 
0.000000 1.000000 2.000000 3.000000 4.000000 5.000000 6.000000 7.000000 
-nan -nan -nan 3.000000 4.000000 5.000000 6.000000 7.000000 
Masked loads:
0.000000 1.000000 2.000000 3.000000 4.000000 5.000000 6.000000 7.000000 
0.000000 1.000000 2.000000 3.000000 4.000000 5.000000 6.000000 7.000000 
0.000000 1.000000 2.000000 3.000000 4.000000 5.000000 6.000000 7.000000 
0.000000 1.000000 2.000000 3.000000 4.000000 5.000000 6.000000 7.000000 
0.000000 1.000000 2.000000 3.000000 4.000000 5.000000 6.000000 7.000000 
Masked loads:
0.000000 1.000000 2.000000 3.000000 4.000000 5.000000 6.000000 7.000000 
0.000000 1.000000 2.000000 3.000000 4.000000 5.000000 6.000000 7.000000 
0.000000 0.000000 0.000000 3.000000 4.000000 5.000000 6.000000 7.000000 
0.000000 1.000000 2.000000 3.000000 4.000000 5.000000 6.000000 7.000000 
0.000000 0.000000 0.000000 3.000000 4.000000 5.000000 6.000000 7.000000 
SPMD_IF all opt:
Inside 2
WEND spmd_break:
0 1 2 3 4 5 6 7 
1 2 3 4 5 5 6 7 
2 3 4 5 5 5 6 7 
3 4 5 5 5 5 6 7 
4 5 5 5 5 5 6 7 
5 5 5 5 5 5 6 7 
vint_vref:
0 5 4 3 9 8 6 7 
1 6 5 4 0 9 7 8 
2 7 6 5 1 0 8 9 
3 8 7 6 2 1 9 0 
4 9 8 7 3 2 0 1 
5 0 9 8 4 3 1 2 
6 1 0 9 5 4 2 3 
7 2 1 0 6 5 3 4 
8 3 2 1 7 6 4 5 
9 4 3 2 8 7 5 6 
spmd_foreach 4:
0.000000 1.000000 2.000000 3.000000 0.000000 0.000000 0.000000 0.000000 
0 1 2 3 0 0 0 0 
0.000000 1.000000 2.000000 3.000000 -nan -nan -nan -nan -nan -nan -nan -nan -nan -nan -nan -nan -nan -nan -nan -nan -nan -nan -nan -nan -nan -nan -nan -nan -nan -nan -nan -nan 
0 1 2 3 -1 -1 -1 -1 -1 -1 -1 -1 -1 -1 -1 -1 -1 -1 -1 -1 -1 -1 -1 -1 -1 -1 -1 -1 -1 -1 -1 -1 
spmd_foreach 2:
0.000000 1.000000 0.000000 0.000000 0.000000 0.000000 0.000000 0.000000 
0 1 0 0 0 0 0 0 
0.000000 1.000000 -nan -nan -nan -nan -nan -nan -nan -nan -nan -nan -nan -nan -nan -nan -nan -nan -nan -nan -nan -nan -nan -nan -nan -nan -nan -nan -nan -nan -nan -nan 
0 1 -1 -1 -1 -1 -1 -1 -1 -1 -1 -1 -1 -1 -1 -1 -1 -1 -1 -1 -1 -1 -1 -1 -1 -1 -1 -1 -1 -1 -1 -1 
spmd_foreach 6:
0.000000 1.000000 2.000000 3.000000 4.000000 5.000000 0.000000 0.000000 
0 1 2 3 4 5 0 0 
0.000000 1.000000 2.000000 3.000000 4.000000 5.000000 0.000000 0.000000 
0 1 2 3 4 5 0 0 
0.000000 1.000000 2.000000 3.000000 4.000000 5.000000 -nan -nan -nan -nan -nan -nan -nan -nan -nan -nan -nan -nan -nan -nan -nan -nan -nan -nan -nan -nan -nan -nan -nan -nan -nan -nan 
0 1 2 3 4 5 -1 -1 -1 -1 -1 -1 -1 -1 -1 -1 -1 -1 -1 -1 -1 -1 -1 -1 -1 -1 -1 -1 -1 -1 -1 -1 
spmd_foreach 7:
0.000000 1.000000 2.000000 3.000000 4.000000 5.000000 6.000000 0.000000 
0 1 2 3 4 5 6 0 
0.000000 1.000000 2.000000 3.000000 4.000000 5.000000 6.000000 -nan -nan -nan -nan -nan -nan -nan -nan -nan -nan -nan -nan -nan -nan -nan -nan -nan -nan -nan -nan -nan -nan -nan -nan -nan 
0 1 2 3 4 5 6 -1 -1 -1 -1 -1 -1 -1 -1 -1 -1 -1 -1 -1 -1 -1 -1 -1 -1 -1 -1 -1 -1 -1 -1 -1 
