sse41:
int math:
0 1 2 3 
0 -1 -2 -3 
0 1 4 7 
0 1 0 -1 
0 1 0 0 
0 1 12 -42 
0 2 4 6 
0 2 4 6 
2 3 4 5 
2 1 0 -1 
0 0 0 3 
0 1 0 1 
0 0 1 0 
0 0 1 1 
int logical:
0 0 2 0 
0 1 2 7 
0 1 0 7 
bool logical:
1 1 0 0 
1 0 0 0 
int comps 1:
1 1 1 1 
0 0 0 0 
0 0 0 0 
0 0 0 0 
1 1 1 1 
1 1 1 1 

int comps 2:
1 0 1 0 
0 1 0 1 
0 0 0 1 
0 1 0 0 
1 0 1 1 
1 1 1 0 

abs/floor/ceil/min/max:
100.500000 100.499901 100.500099 0.500000 
-101.000000 -101.000000 -101.000000 0.000000 
-100.000000 -100.000000 -100.000000 1.000000 
-100.500000 -100.499901 -100.500099 0.500000 
0.000000 -0.500000 0.499900 1.500000 
-nan(ind) -nan(ind) -nan(ind) 0.707107 
-100.000000 -100.000000 -101.000000 0.000000 
-100.000000 -100.000000 -100.000000 0.000000 
0.000000 1.000000 2.000000 -14.000000 
float math:
-0.000000 -0.000000 -0.000000 -0.000000 
0.000000 1.000000 2.000000 3.000000 
0.000000 -1.000000 -2.000000 -3.000000 
0.000000 1.000000 4.000000 7.000000 
0.000000 1.000000 0.000000 -1.000000 
0.000000 1.000000 0.333333 -0.214286 
0.000000 1.000000 12.000000 -42.000000 
0.000000 2.000000 4.000000 6.000000 
0.000000 2.000000 4.000000 6.000000 
2.000000 3.000000 4.000000 5.000000 
2.000000 1.000000 0.000000 -1.000000 

Casts:
0.000000 1.000000 2.000000 3.000000 
0 1 2 3 
-1 -1 -1 -1 
0 0 0 0 
1 1 1 1 
1 1 1 1 
-1 -1 -1 -1 
0 0 0 0 
1 1 1 1 
1 1 1 1 
float comps:
1 1 1 1 
0 0 0 0 
0 0 0 0 
0 0 0 0 
1 1 1 1 
1 1 1 1 

float comps:
1 0 1 0 
0 1 0 1 
0 0 0 1 
0 1 0 0 
1 0 1 1 
1 1 1 0 

SPMD_WHILE:
1 2 3 4 
2 3 4 5 
3 4 5 7 
4 5 7 8 
5 7 8 9 
7 8 9 109 
8 9 109 109 
9 109 109 109 
109 109 109 109 
SPMD_IF:
2 2 2 1 
SPMD_SIMPLE_IF:
2 2 2 1 

Shifts:
0 1 2 3 
0 2 4 6 
0 0 1 1 
0 0 1 1 
0 2 4 6 
0 0 1 1 
0 0 1 1 
Ternary:
0 1 2 3 
0 0 2 4 
1 1 6 -14 
1 1 6 -14 
1.000000 1.000000 6.000000 -14.000000 
Stores:
0.000000 1.000000 2.000000 3.000000 
0.000000 1.000000 2.000000 3.000000 
0.000000 1.000000 2.000000 3.000000 
0.000000 1.000000 2.000000 3.000000 
0.000000 1.000000 2.000000 3.000000 
Masked stores:
0.000000 1.000000 2.000000 3.000000 
0.000000 1.000000 2.000000 3.000000 
-nan -nan -nan 3.000000 
0.000000 1.000000 2.000000 3.000000 
-nan -nan -nan 3.000000 
Masked loads:
0.000000 1.000000 2.000000 3.000000 
0.000000 1.000000 2.000000 3.000000 
0.000000 1.000000 2.000000 3.000000 
0.000000 1.000000 2.000000 3.000000 
0.000000 1.000000 2.000000 3.000000 
Masked loads:
0.000000 1.000000 2.000000 3.000000 
0.000000 1.000000 2.000000 3.000000 
0.000000 0.000000 0.000000 3.000000 
0.000000 1.000000 2.000000 3.000000 
0.000000 0.000000 0.000000 3.000000 
SPMD_IF all opt:
Inside 2
WEND spmd_break:
0 1 2 3 
1 2 3 4 
2 3 4 5 
3 4 5 5 
4 5 5 5 
5 5 5 5 
vint_vref:
0 5 4 3 
1 6 5 4 
2 7 6 5 
3 8 7 6 
4 9 8 7 
5 0 9 8 
6 1 0 9 
7 2 1 0 
8 3 2 1 
9 4 3 2 
spmd_foreach 4:
0.000000 1.000000 2.000000 3.000000 
0 1 2 3 
0.000000 1.000000 2.000000 3.000000 -nan -nan -nan -nan -nan -nan -nan -nan -nan -nan -nan -nan -nan -nan -nan -nan -nan -nan -nan -nan -nan -nan -nan -nan -nan -nan -nan -nan 
0 1 2 3 -1 -1 -1 -1 -1 -1 -1 -1 -1 -1 -1 -1 -1 -1 -1 -1 -1 -1 -1 -1 -1 -1 -1 -1 -1 -1 -1 -1 
spmd_foreach 2:
0.000000 1.000000 0.000000 0.000000 
0 1 0 0 
0.000000 1.000000 -nan -nan -nan -nan -nan -nan -nan -nan -nan -nan -nan -nan -nan -nan -nan -nan -nan -nan -nan -nan -nan -nan -nan -nan -nan -nan -nan -nan -nan -nan 
0 1 -1 -1 -1 -1 -1 -1 -1 -1 -1 -1 -1 -1 -1 -1 -1 -1 -1 -1 -1 -1 -1 -1 -1 -1 -1 -1 -1 -1 -1 -1 
spmd_foreach 6:
0.000000 1.000000 2.000000 3.000000 
0 1 2 3 
0.000000 1.000000 2.000000 3.000000 
0 1 2 3 
4.000000 5.000000 0.000000 0.000000 
4 5 0 0 
4.000000 5.000000 0.000000 0.000000 
4 5 0 0 
0.000000 1.000000 2.000000 3.000000 4.000000 5.000000 -nan -nan -nan -nan -nan -nan -nan -nan -nan -nan -nan -nan -nan -nan -nan -nan -nan -nan -nan -nan -nan -nan -nan -nan -nan -nan 
0 1 2 3 4 5 -1 -1 -1 -1 -1 -1 -1 -1 -1 -1 -1 -1 -1 -1 -1 -1 -1 -1 -1 -1 -1 -1 -1 -1 -1 -1 
spmd_foreach 7:
0.000000 1.000000 2.000000 3.000000 
0 1 2 3 
4.000000 5.000000 6.000000 0.000000 
4 5 6 0 
0.000000 1.000000 2.000000 3.000000 4.000000 5.000000 6.000000 -nan -nan -nan -nan -nan -nan -nan -nan -nan -nan -nan -nan -nan -nan -nan -nan -nan -nan -nan -nan -nan -nan -nan -nan -nan 
0 1 2 3 4 5 6 -1 -1 -1 -1 -1 -1 -1 -1 -1 -1 -1 -1 -1 -1 -1 -1 -1 -1 -1 -1 -1 -1 -1 -1 -1 
Casts:
0 1065353216 1073741824 1077936128 
0.000000 0.000000 0.000000 0.000000 
0.000000 1.000000 2.000000 3.000000 
0.000000 1.000000 2.000000 3.000000 
0 0 2 4 
0 0 2 4 
Load all int:
0 1 2 3 
0 1 2 3 
0 1 2 3 
0 1 2 3 
Load all float:
0.000000 1.000000 2.000000 3.000000 
0.000000 1.000000 2.000000 3.000000 
